9.136823944395028405e-04,1.645549937759550625e-03,2.377417481079598192e-03,2.377417481079598192e-03,2.377417481079598192e-03,2.377417481079598192e-03,3.109285024399646193e-03,3.109285024399646193e-03,3.841152567719693760e-03,3.841152567719693760e-03,3.841152567719693760e-03,3.841152567719693760e-03,3.841152567719693760e-03,3.841152567719693760e-03,1.704841493535460238e-03,1.704841493535460238e-03,-4.314695806487733919e-04,-4.314695806487733919e-04,-4.314695806487733919e-04,-4.314695806487733919e-04,-4.314695806487733919e-04,7.999027321161668574e-04,7.999027321161668574e-04,7.999027321161668574e-04,7.999027321161668574e-04,7.999027321161668574e-04,7.999027321161668574e-04,7.999027321161668574e-04,9.101869669201017796e-03,9.101869669201017796e-03,9.101869669201017796e-03,9.833737212521065363e-03,9.833737212521065363e-03,5.507511192433279905e-03,8.875194579382452917e-03,8.875194579382452917e-03,8.875194579382452917e-03,1.224287796633162680e-02,1.010656689214739327e-02,5.833944743778926231e-03,5.833944743778926231e-03,5.833944743778926231e-03,3.697633669594706154e-03,7.065317056543885671e-03,7.065317056543885671e-03,1.043300044349305955e-02,1.536728399362874420e-02,1.536728399362874420e-02,1.536728399362874420e-02,1.177292551686102973e-02,1.177292551686102973e-02,1.177292551686102973e-02,1.587247644713025291e-02,1.587247644713025291e-02,1.587247644713025291e-02,1.587247644713025291e-02,1.227811797036251068e-02,1.014180689617827542e-02,8.005495821994043637e-03,8.005495821994043637e-03,8.005495821994043637e-03,8.005495821994043637e-03,8.005495821994043637e-03,1.137317920894322272e-02,1.283691429558331959e-02,1.356878183890336716e-02,1.356878183890336716e-02,1.356878183890336716e-02,1.430064938222341299e-02,1.503251692554346229e-02,1.840020031249263444e-02,1.840020031249263444e-02,1.407397429240484985e-02,1.744165767935402372e-02,2.647549215975892808e-02,2.647549215975892808e-02,2.574362461643888225e-02,2.647549215975892808e-02,2.647549215975892808e-02,3.140977570989461620e-02,3.140977570989461620e-02,3.140977570989461620e-02,3.140977570989461620e-02,2.708354968980685243e-02,2.494723861562261891e-02,2.135288013885487668e-02,1.921656906467064316e-02,1.921656906467064316e-02,2.258425245161982051e-02,2.258425245161982051e-02,2.331611999493987328e-02,2.331611999493987328e-02,1.898989397485211297e-02,1.898989397485211297e-02,1.758545044398793222e-02,2.095313383093710610e-02,1.954869030007291841e-02,1.954869030007291841e-02,1.954869030007291841e-02,1.881682275675287258e-02,2.218450614370204646e-02,2.291637368702209229e-02,2.291637368702209229e-02,2.291637368702209229e-02,2.291637368702209229e-02,2.364824123034213812e-02,2.364824123034213812e-02,2.364824123034213812e-02,2.561148108642713819e-02,2.561148108642713819e-02,2.561148108642713819e-02,2.774779216061137171e-02,3.111547554756053865e-02,3.111547554756053865e-02,2.897916447337630860e-02,3.234684786032548248e-02,2.947866924282121007e-02,2.947866924282121007e-02,2.947866924282121007e-02,3.021053678614125937e-02,3.094240432946130173e-02,3.094240432946130173e-02,3.094240432946130173e-02,2.880609325527707168e-02,2.953796079859711404e-02,2.953796079859711404e-02,2.953796079859711404e-02,2.953796079859711404e-02,3.026982834191716334e-02,3.363751172886633722e-02,3.363751172886633722e-02,3.363751172886633722e-02,2.594360232182937875e-02,2.161737630174160457e-02,2.161737630174160457e-02,2.161737630174160457e-02,2.234924384506165040e-02,2.234924384506165040e-02,2.234924384506165040e-02,2.431248370114664353e-02,2.358061615782659770e-02,2.851489970796227194e-02,2.851489970796227194e-02,2.851489970796227194e-02,2.778303216464223305e-02,2.851489970796227194e-02,2.851489970796227194e-02,2.851489970796227194e-02,2.924676725128232471e-02,2.997863479460237054e-02,2.997863479460237054e-02,2.997863479460237054e-02,2.997863479460237054e-02,2.997863479460237054e-02,2.778871984869882988e-02,2.852058739201887572e-02,3.065689846620310577e-02,3.065689846620310577e-02,3.065689846620310577e-02,3.138876600952315854e-02,2.802108262257398119e-02,3.212063355284320437e-02,3.212063355284320437e-02,3.212063355284320437e-02,3.285250109616325020e-02,3.498881217034748026e-02,3.835649555729665761e-02,3.835649555729665761e-02,3.622018448311242755e-02,3.622018448311242755e-02,3.695205202643247339e-02,3.695205202643247339e-02,3.695205202643247339e-02,3.481574095224823640e-02,3.481574095224823640e-02,3.481574095224823640e-02,3.481574095224823640e-02,3.818342433919741374e-02,3.385719831910963956e-02,3.722488170605882385e-02,3.722488170605882385e-02,3.722488170605882385e-02,3.722488170605882385e-02,3.722488170605882385e-02,3.508857063187458686e-02,3.508857063187458686e-02,3.295225955769035681e-02,3.418363187045529716e-02,3.204732079627106711e-02,3.345176432713525133e-02,3.345176432713525133e-02,3.345176432713525133e-02,3.345176432713525133e-02,3.345176432713525133e-02,3.418363187045529716e-02,3.418363187045529716e-02,3.345176432713525133e-02,3.345176432713525133e-02,3.345176432713525133e-02,3.345176432713525133e-02,3.271989678381520550e-02,3.271989678381520550e-02,3.608758017076438285e-02,3.608758017076438285e-02,3.608758017076438285e-02,3.608758017076438285e-02,3.608758017076438285e-02,3.395126909658014586e-02,3.395126909658014586e-02,3.395126909658014586e-02,3.395126909658014586e-02,3.395126909658014586e-02,3.395126909658014586e-02,3.395126909658014586e-02,3.321940155326010002e-02,3.321940155326010002e-02,3.468313663990019863e-02,3.805082002684936904e-02,3.805082002684936904e-02,3.805082002684936904e-02,4.018713110103359909e-02,4.664966819530561026e-02,4.664966819530561026e-02,4.664966819530561026e-02,5.097589421539338445e-02,5.450573423466487794e-02,5.236942316048064094e-02,5.163755561716059511e-02,5.163755561716059511e-02,5.090568807384054928e-02,5.523191409392832346e-02,5.523191409392832346e-02,5.523191409392832346e-02,5.309560301974409341e-02,5.309560301974409341e-02,5.309560301974409341e-02,5.309560301974409341e-02,5.309560301974409341e-02,5.309560301974409341e-02,5.309560301974409341e-02,5.719515395001331659e-02,6.056283733696250088e-02,6.056283733696250088e-02,6.056283733696250088e-02,6.056283733696250088e-02,6.056283733696250088e-02,6.269914841114672399e-02,5.500523900410977246e-02,5.500523900410977246e-02,5.573710654742981829e-02,6.067139009756548212e-02,5.853507902338126595e-02,5.926694656670131178e-02,5.926694656670131178e-02,5.999881411002136455e-02,5.999881411002136455e-02,6.409836504029059467e-02,6.409836504029059467e-02,6.550280857115478583e-02,6.117658255106701859e-02,5.780889916411782042e-02,5.780889916411782042e-02,5.780889916411782042e-02,5.707703162079777459e-02,5.780889916411782042e-02,5.780889916411782042e-02,5.780889916411782042e-02,5.444121577716864308e-02,5.444121577716864308e-02,5.230490470298441302e-02,5.230490470298441302e-02,5.230490470298441302e-02,5.230490470298441302e-02,5.230490470298441302e-02,5.230490470298441302e-02,5.230490470298441302e-02,5.230490470298441302e-02,4.724681113957659995e-02,5.398217791347495464e-02,5.398217791347495464e-02,5.398217791347495464e-02,5.398217791347495464e-02,5.398217791347495464e-02,5.257773438261076349e-02,5.257773438261076349e-02,5.471404545679500742e-02,5.471404545679500742e-02,5.398217791347495464e-02,5.398217791347495464e-02,5.398217791347495464e-02,5.398217791347495464e-02,5.111399929597067182e-02,4.824582067846639594e-02,5.234537160873561218e-02,5.020906053455138213e-02,5.020906053455138213e-02,5.020906053455138213e-02,4.947719299123133629e-02,4.610950960428215895e-02,4.274182621733297466e-02,4.610950960428215895e-02,5.020906053455138213e-02,5.020906053455138213e-02,5.234537160873561218e-02,4.897768822178644177e-02,4.897768822178644177e-02,4.684137714760220478e-02,4.684137714760220478e-02,4.684137714760220478e-02,5.020906053455138213e-02,4.684137714760220478e-02,4.684137714760220478e-02,4.684137714760220478e-02,4.684137714760220478e-02,4.251515112751443060e-02,4.251515112751443060e-02,4.178328358419438476e-02,3.964697251001016165e-02,3.964697251001016165e-02,3.532074648992238747e-02,3.532074648992238747e-02,3.532074648992238747e-02,3.099452046983461329e-02,3.099452046983461329e-02,3.099452046983461329e-02,3.099452046983461329e-02,3.099452046983461329e-02,3.099452046983461329e-02,3.099452046983461329e-02,3.436220385678379063e-02,3.076784538001604494e-02,3.076784538001604494e-02,3.003597783669600257e-02,3.003597783669600257e-02,3.497026138683168722e-02,3.710657246101591727e-02,3.710657246101591727e-02,3.637470491769586450e-02,3.637470491769586450e-02,3.637470491769586450e-02,3.637470491769586450e-02,3.227515398742664826e-02,3.227515398742664826e-02,3.441146506161087137e-02,3.441146506161087137e-02,3.008523904152309719e-02,2.941266305397896574e-02,2.941266305397896574e-02,2.941266305397896574e-02,2.941266305397896574e-02,2.941266305397896574e-02,2.654448443647468292e-02,2.654448443647468292e-02,2.727635197979473569e-02,2.727635197979473569e-02,2.800821952311477805e-02,2.800821952311477805e-02,2.587190844893054453e-02,2.660377599225059383e-02,2.660377599225059383e-02,2.733564353557063967e-02,2.519933246138640962e-02,2.593120000470645545e-02,2.519933246138640962e-02,2.519933246138640962e-02,2.519933246138640962e-02,2.183164907443723227e-02,2.183164907443723227e-02,2.183164907443723227e-02,2.109978153111718643e-02,1.846396568748806186e-02,1.773209814416801255e-02,1.773209814416801255e-02,1.773209814416801255e-02,1.626836305752792089e-02,1.626836305752792089e-02,1.626836305752792089e-02,1.626836305752792089e-02,1.413205198334368910e-02,1.413205198334368910e-02,1.413205198334368910e-02,1.486391952666373667e-02,1.823160291361291055e-02,2.159928630056208443e-02,2.159928630056208443e-02,2.159928630056208443e-02,2.580170230737772324e-02,2.793801338156194636e-02,2.793801338156194636e-02,2.990125323764694643e-02,2.990125323764694643e-02,3.203756431183117648e-02,3.203756431183117648e-02,3.130569676851113758e-02,3.130569676851113758e-02,3.253706908127607794e-02,3.253706908127607794e-02,3.253706908127607794e-02,3.253706908127607794e-02,3.253706908127607794e-02,3.034715413537253728e-02,3.528143768550820458e-02,3.314512661132398147e-02,2.881890059123620382e-02,2.881890059123620382e-02,2.808703304791615799e-02,2.808703304791615799e-02,2.595072197373192446e-02,2.185117104346270128e-02,2.111930350014265545e-02,2.111930350014265545e-02,2.038743595682260962e-02,1.825112488263837957e-02,1.825112488263837957e-02,1.825112488263837957e-02,1.825112488263837957e-02,1.611481380845414951e-02,1.891278628440559717e-02,2.721475322149045570e-02,2.721475322149045570e-02,2.721475322149045570e-02,2.721475322149045570e-02,3.058243660843962264e-02,3.058243660843962264e-02,2.985056906511957334e-02,3.131430415175967541e-02,3.131430415175967541e-02,3.058243660843962264e-02,3.271874768262385963e-02,3.345061522594390546e-02,3.345061522594390546e-02,3.418248276926395129e-02,3.418248276926395129e-02,3.491435031258399713e-02,3.491435031258399713e-02,3.491435031258399713e-02,3.491435031258399713e-02,3.491435031258399713e-02,3.491435031258399713e-02,3.491435031258399713e-02,3.491435031258399713e-02,3.491435031258399713e-02,3.491435031258399713e-02,3.491435031258399713e-02,3.491435031258399713e-02,3.491435031258399713e-02,3.277803923839976014e-02,2.570744461407985584e-02,2.789735955998340344e-02,2.789735955998340344e-02,2.789735955998340344e-02,2.789735955998340344e-02,2.789735955998340344e-02,2.739785479053850198e-02,2.452967617303422262e-02,2.452967617303422262e-02,2.452967617303422262e-02,2.239336509884999257e-02,2.239336509884999257e-02,2.239336509884999257e-02,1.806713907876222186e-02,1.806713907876222186e-02,1.879900662208226769e-02,1.879900662208226769e-02,2.026274170872236283e-02,2.026274170872236283e-02,2.026274170872236283e-02,2.026274170872236283e-02,2.026274170872236283e-02,1.953087416540231352e-02,1.739456309121808694e-02,1.739456309121808694e-02,1.402687970426891133e-02,1.739456309121808694e-02,1.739456309121808694e-02,1.739456309121808694e-02,1.739456309121808694e-02,1.739456309121808694e-02,1.739456309121808694e-02,1.739456309121808694e-02,1.525825201703385342e-02,1.862593540398302730e-02,1.862593540398302730e-02,2.076224647816725735e-02,1.862593540398302730e-02,1.862593540398302730e-02,1.862593540398302730e-02,1.862593540398302730e-02,2.076224647816725735e-02,2.076224647816725735e-02,1.862593540398302730e-02,1.766739277084442700e-02,1.766739277084442700e-02,1.429970938389525138e-02,1.553108169666019348e-02,1.553108169666019348e-02,1.963063262692942013e-02,1.963063262692942013e-02,1.963063262692941319e-02,1.963063262692941319e-02,1.963063262692942013e-02,2.036250017024947290e-02,2.036250017024947290e-02,2.036250017024947290e-02,2.036250017024947290e-02,2.036250017024947290e-02,2.249881124443369948e-02,2.249881124443369948e-02,2.390325477529788370e-02,2.390325477529788370e-02,2.176694370111365018e-02,2.176694370111365018e-02,2.176694370111365018e-02,1.963063262692942013e-02,1.963063262692942013e-02,1.603627415016169525e-02,1.603627415016169525e-02,1.750000923680179385e-02,1.750000923680179385e-02,1.317378321671401967e-02,1.317378321671401967e-02,1.531009429089824798e-02,1.531009429089824798e-02,1.531009429089824798e-02,1.531009429089824798e-02,1.317378321671401967e-02,8.847557196626238546e-03,1.221524058357541243e-02,1.221524058357541243e-02,1.221524058357541243e-02,1.294710812689545826e-02,1.294710812689545826e-02,1.508341920107969004e-02,1.508341920107969004e-02,1.508341920107969004e-02,1.935604134944815535e-02,1.935604134944815535e-02,1.862417380612810605e-02,1.789230626280805675e-02,1.789230626280805675e-02,1.789230626280805675e-02,1.789230626280805675e-02,2.282658981294373793e-02,2.282658981294373793e-02,2.282658981294373793e-02,2.619427319989291528e-02,2.692614074321296111e-02,2.906245181739719116e-02,2.765800828653300694e-02,2.838987582985305624e-02,2.838987582985305624e-02,2.838987582985305624e-02,2.912174337317310208e-02,2.838987582985305624e-02,2.838987582985305624e-02,2.838987582985305624e-02,3.316200274766642475e-02,3.652968613461559516e-02,3.079901658366364023e-02,2.933528149702354509e-02,2.933528149702354509e-02,2.933528149702354509e-02,2.933528149702354509e-02,2.719897042283931504e-02,2.719897042283931504e-02,3.213325397297498581e-02,3.213325397297498581e-02,2.712876428128647988e-02,3.140138642965494692e-02,2.999694289879076270e-02,3.005623445456666668e-02,2.932436691124662431e-02,2.932436691124662431e-02,2.932436691124662431e-02,2.932436691124662431e-02,2.932436691124662431e-02,2.932436691124662431e-02,3.359698905961508442e-02,3.359698905961508442e-02,3.359698905961508442e-02,2.686162228571672972e-02,2.472531121153249620e-02,2.472531121153249620e-02,2.472531121153249620e-02,2.472531121153249620e-02,2.039908519144472202e-02,2.039908519144472202e-02,2.523050366503399797e-02,2.523050366503399797e-02,2.523050366503399797e-02,2.786631950866312601e-02,2.713445196534308018e-02,2.713445196534308018e-02,2.713445196534308018e-02,2.713445196534308018e-02,2.713445196534308018e-02,2.713445196534308018e-02,2.713445196534308018e-02,2.713445196534308018e-02,2.499814089115885013e-02,2.499814089115885013e-02,2.426627334783880083e-02,2.499814089115885013e-02,2.499814089115885013e-02,2.499814089115885013e-02,2.499814089115885013e-02,2.359369736029466244e-02,2.359369736029466244e-02,2.359369736029466244e-02,2.359369736029466244e-02,1.926747134020688479e-02,1.926747134020688479e-02,1.713116026602265474e-02,1.713116026602265474e-02,1.926747134020688479e-02,1.589978795325770744e-02,1.516792040993766334e-02,1.730423148412189513e-02,1.730423148412189513e-02,1.803609902744194443e-02,1.803609902744194443e-02,2.140378241439111831e-02,2.140378241439111831e-02,1.876796657076199026e-02,1.876796657076199026e-02,1.876796657076199026e-02,1.876796657076199026e-02,1.803609902744194443e-02,1.803609902744194443e-02,1.803609902744194443e-02,1.803609902744194443e-02,2.017241010162617101e-02,2.017241010162617101e-02,2.017241010162617101e-02,2.230872117581040801e-02,1.894103778886122719e-02,1.894103778886122719e-02,1.894103778886122719e-02,1.894103778886122719e-02,1.894103778886122719e-02,1.894103778886122719e-02,2.107734886304545377e-02,2.107734886304545377e-02,2.444503224999463459e-02,2.444503224999463459e-02,2.444503224999463459e-02,1.737443762567472683e-02,1.737443762567472683e-02,1.664257008235468099e-02,1.450625900817044574e-02,1.450625900817044574e-02,1.591070253903463169e-02,1.804701361321886174e-02,1.467933022626968266e-02,1.467933022626968266e-02,1.467933022626968266e-02,1.467933022626968266e-02,1.467933022626968266e-02,1.681564130045391098e-02,2.018332468740309180e-02,1.681564130045391098e-02,1.681564130045391098e-02,1.754750884377396028e-02,1.754750884377396028e-02,1.541119776958972849e-02,1.108497174950195431e-02,1.181683929282200188e-02,1.181683929282200188e-02,1.395315036700623366e-02,1.395315036700623366e-02,1.395315036700623366e-02,1.395315036700623366e-02,1.395315036700623366e-02,1.395315036700623366e-02,1.395315036700623366e-02,1.322128282368618610e-02,1.248941528036614027e-02,1.248941528036614027e-02,1.035310420618190848e-02,1.108497174950195431e-02,1.108497174950195431e-02,1.601925529963763722e-02,1.388294422545340197e-02,1.388294422545340197e-02,1.725062761240258799e-02,1.292440159231480860e-02,1.938693868658681804e-02,2.584947578085881881e-02,2.871765439836309816e-02,2.871765439836309816e-02,2.439142837827532745e-02,2.439142837827532745e-02,2.365956083495528162e-02,2.365956083495528162e-02,2.365956083495528162e-02,2.365956083495528162e-02,2.579587190913950820e-02,2.579587190913950820e-02,2.579587190913950820e-02,2.579587190913950820e-02,2.646844789668364659e-02,2.646844789668364659e-02,2.646844789668364659e-02,2.646844789668364659e-02,2.646844789668364659e-02,3.416235730372059465e-02,3.416235730372059465e-02,3.753004069066976506e-02,3.179937113971780666e-02,3.516705452666699094e-02,3.516705452666699094e-02,3.516705452666699094e-02,3.179937113971780666e-02,3.516705452666699094e-02,3.730336560085122100e-02,3.589892206998703678e-02,3.803523314417127377e-02,3.803523314417127377e-02,3.803523314417127377e-02,3.803523314417127377e-02,4.140291653112045112e-02,3.926660545693621412e-02,4.140291653112045112e-02,4.213478407444049695e-02,3.780855805435271583e-02,3.707669051103266999e-02,3.921300158521690699e-02,3.921300158521690699e-02,3.921300158521690699e-02,3.921300158521690699e-02,3.707669051103266999e-02,3.707669051103266999e-02,3.707669051103266999e-02,3.707669051103266999e-02,3.921300158521690699e-02,3.921300158521690699e-02,4.044437389798184040e-02,4.044437389798184040e-02,4.381205728493102469e-02,4.594836835911525474e-02,5.228709544011511667e-02,5.228709544011511667e-02,5.228709544011511667e-02,5.228709544011511667e-02,5.228709544011511667e-02,5.228709544011511667e-02,5.228709544011511667e-02,5.228709544011511667e-02,5.442340651429935366e-02,5.442340651429935366e-02,5.442340651429935366e-02,5.442340651429935366e-02,5.442340651429935366e-02,5.655971758848358372e-02,5.862582252111499248e-02,5.862582252111499248e-02,5.862582252111499248e-02,5.862582252111499248e-02,5.862582252111499248e-02,5.862582252111499248e-02,5.862582252111499248e-02,5.648951144693075549e-02,5.648951144693075549e-02,5.435320037274652544e-02,5.435320037274652544e-02,5.362133282942647960e-02,5.148502175524224955e-02,5.148502175524224955e-02,5.148502175524224955e-02,5.148502175524224955e-02,5.221688929856229539e-02,5.435320037274652544e-02,5.435320037274652544e-02,5.435320037274652544e-02,5.435320037274652544e-02,5.508506791606657127e-02,5.648951144693075549e-02,4.879560203989379702e-02,4.879560203989379702e-02,4.806373449657375119e-02,4.806373449657375119e-02,4.806373449657375119e-02,4.806373449657375119e-02,4.592742342238952113e-02,4.255974003544034379e-02,4.255974003544034379e-02,4.182787249212029795e-02,3.969156141793606790e-02,4.182787249212029795e-02,4.389397742475170672e-02,3.956775140466392560e-02,3.956775140466392560e-02,3.956775140466392560e-02,3.956775140466392560e-02,4.029961894798397143e-02,4.029961894798397143e-02,4.029961894798397143e-02,4.029961894798397143e-02,4.366730233493314878e-02,4.243593002216820148e-02,4.029961894798397143e-02,4.029961894798397143e-02,3.889517541711978721e-02,3.889517541711978721e-02,3.816330787379974138e-02,3.743144033047969554e-02,3.529512925629546549e-02,3.866281264324464284e-02,3.866281264324464284e-02,3.529512925629546549e-02,3.192744586934628814e-02,3.192744586934628814e-02,2.782789493907706496e-02,2.782789493907706496e-02,2.782789493907706496e-02,3.333188940021047236e-02,3.333188940021047236e-02,3.669957278715964277e-02,3.669957278715964277e-02,4.163385633729532742e-02,4.090198879397528159e-02,4.017012125065523576e-02,3.803381017647099877e-02,3.803381017647099877e-02,3.803381017647099877e-02,3.803381017647099877e-02,3.803381017647099877e-02,3.803381017647099877e-02,3.803381017647099877e-02,3.876567771979104460e-02,3.876567771979104460e-02,3.876567771979104460e-02,3.443945169970327735e-02,3.443945169970327735e-02,3.657576277388750741e-02,3.657576277388750741e-02,3.657576277388750741e-02,3.443945169970327735e-02,3.443945169970327735e-02,3.443945169970327735e-02,3.517131924302332319e-02,3.730763031720755324e-02,4.017580893471183606e-02,4.017580893471183606e-02,4.017580893471183606e-02,4.017580893471183606e-02,3.803949786052760601e-02,4.140718124747677642e-02,4.567980339584524346e-02,4.494793585252519763e-02,4.421606830920515180e-02,4.494793585252519763e-02,4.494793585252519763e-02,4.494793585252519763e-02,4.708424692670942074e-02,4.781611447002947352e-02,4.781611447002947352e-02,4.781611447002947352e-02,4.781611447002947352e-02,4.781611447002947352e-02,4.781611447002947352e-02,5.214234049011725464e-02,5.287420803343729353e-02,5.287420803343729353e-02,5.073789695925306348e-02,5.073789695925306348e-02,4.860158588506883343e-02,4.860158588506883343e-02,4.933345342838888620e-02,5.079718851502897092e-02,5.202856082779391822e-02,4.866087744084474087e-02,4.866087744084474087e-02,4.652456636666051082e-02,4.652456636666051082e-02,4.989224975360968123e-02,5.325993314055885858e-02,5.325993314055885858e-02,5.325993314055885858e-02,5.325993314055885858e-02,5.421847577369746235e-02,5.421847577369746235e-02,5.685429161732659387e-02,5.685429161732659387e-02,5.685429161732659387e-02,6.118051763741436805e-02,6.118051763741436805e-02,5.685429161732659387e-02,5.819421669069453629e-02,5.819421669069453629e-02,5.819421669069453629e-02,5.819421669069453629e-02,5.482653330374535894e-02,5.145884991679618853e-02,5.286329344766037275e-02,5.286329344766037275e-02,5.072698237347614270e-02,5.072698237347614270e-02,5.286329344766037275e-02,5.499960452184460974e-02,5.499960452184460974e-02,6.050359898297801714e-02,5.640404805270879396e-02,5.303636466575960967e-02,5.736259068584739773e-02,5.736259068584739773e-02,5.949890176003162084e-02,5.949890176003162084e-02,5.949890176003162084e-02,5.399490729889822732e-02,5.399490729889822732e-02,5.326303975557816761e-02,5.112672868139393756e-02,5.112672868139393756e-02,5.532914468820957637e-02,5.532914468820957637e-02,5.196146130126039209e-02,4.859377791431122862e-02,4.786191037099116891e-02,5.049772621462030042e-02,5.049772621462030042e-02,4.713004282767112307e-02,4.713004282767112307e-02,4.713004282767112307e-02,4.713004282767112307e-02,4.713004282767112307e-02,4.859377791431122862e-02,4.859377791431122862e-02,5.292000393439900280e-02,5.218813639107894309e-02,4.786191037099116891e-02,5.196146130126039209e-02,4.763523528117261790e-02,5.100291866812179525e-02,5.100291866812179525e-02,5.027105112480174942e-02,4.751142526790047560e-02,4.751142526790047560e-02,4.537511419371624555e-02,4.610698173703629138e-02,4.610698173703629138e-02,4.610698173703629138e-02,4.178075571694852414e-02,4.391706679113276113e-02,4.128125094750362267e-02,3.914493987331938568e-02,4.420303343672721264e-02,4.420303343672721264e-02,4.543440574949215993e-02,4.543440574949215993e-02,4.206672236254298258e-02,4.206672236254298258e-02,4.206672236254298258e-02,4.206672236254298258e-02,4.420303343672721264e-02,4.420303343672721264e-02,4.420303343672721264e-02,4.420303343672721264e-02,4.420303343672721264e-02,4.420303343672721264e-02,4.852925945681499376e-02,4.852925945681499376e-02,4.852925945681499376e-02,4.993370298767917798e-02,4.993370298767917798e-02,5.207001406186340803e-02,5.207001406186340803e-02,5.207001406186340803e-02,5.207001406186340803e-02,5.757400852299680849e-02,6.044218714050109825e-02,6.690472423477310249e-02,6.690472423477310249e-02,6.904103530895733254e-02,6.830916776563727977e-02,6.617285669145306359e-02,6.617285669145306359e-02,6.954054007840224094e-02,6.954054007840224094e-02,7.027240762172227984e-02,7.027240762172227984e-02,7.027240762172227984e-02,7.947931332022642459e-02,7.874744577690638569e-02,8.088375685109060187e-02,8.161562439441065464e-02,8.161562439441065464e-02,8.498330778135981811e-02,8.498330778135981811e-02,8.498330778135981811e-02,8.498330778135981811e-02,8.498330778135981811e-02,8.425144023803979310e-02,8.425144023803979310e-02,8.425144023803979310e-02,8.088375685109060187e-02,8.088375685109060187e-02,8.088375685109060187e-02,7.655753083100284850e-02,7.655753083100284850e-02
9.136823944393122378e-04,-1.222628679744921284e-03,-3.358939753929154805e-03,-3.358939753929154805e-03,-3.358939753929154805e-03,-3.358939753929154805e-03,-5.495250828113387893e-03,-5.495250828113387893e-03,-7.631561902297622282e-03,-7.631561902297622282e-03,-7.631561902297622282e-03,-7.631561902297622282e-03,-7.631561902297622282e-03,-7.631561902297622282e-03,-2.697278352161925491e-03,-2.697278352161925491e-03,2.237005197973745280e-03,2.237005197973745280e-03,2.237005197973745280e-03,2.237005197973745280e-03,2.237005197973745280e-03,2.845062728021655746e-03,2.845062728021655746e-03,2.845062728021655746e-03,2.845062728021655746e-03,2.845062728021655746e-03,2.845062728021655746e-03,2.845062728021655746e-03,1.886520094883056093e-03,1.886520094883056093e-03,1.886520094883056093e-03,-2.497909793011775367e-04,-2.497909793011775367e-04,4.820765640188669405e-04,-3.844149456068893418e-03,-3.844149456068893418e-03,-3.844149456068893418e-03,-8.170375476156666733e-03,-3.236091926020970375e-03,6.632475174250397620e-03,6.632475174250397620e-03,6.632475174250397620e-03,1.156675872438606839e-02,7.240532704298293341e-03,7.240532704298293341e-03,2.914306684210533471e-03,6.281990071159693906e-03,6.281990071159693906e-03,6.281990071159693906e-03,4.877546540295505349e-03,4.877546540295505349e-03,4.877546540295505349e-03,-1.584990553976488260e-03,-1.584990553976488260e-03,-1.584990553976488260e-03,-1.584990553976488260e-03,-2.989434084840670962e-03,1.944849465295025396e-03,6.879133015430721754e-03,6.879133015430721754e-03,6.879133015430721754e-03,6.879133015430721754e-03,6.879133015430721754e-03,2.552906995342961883e-03,-1.719715153025505377e-03,-3.856026227209739116e-03,-3.856026227209739116e-03,-3.856026227209739116e-03,-5.992337301393972637e-03,-8.128648375578206159e-03,-1.245487439566599075e-02,-1.245487439566599075e-02,-1.172300685234592237e-02,-1.604923287243370869e-02,-1.914408657975652864e-02,-1.914408657975652864e-02,-1.700777550557229512e-02,-1.914408657975652864e-02,-1.914408657975652864e-02,-1.577640319280735476e-02,-1.577640319280735476e-02,-1.577640319280735476e-02,-1.577640319280735476e-02,-1.504453564948730893e-02,-1.011025209935163989e-02,-1.151469563021582064e-02,-6.580412080080125584e-03,-6.580412080080125584e-03,-1.090663810016788762e-02,-1.090663810016788762e-02,-1.304294917435211941e-02,-1.304294917435211941e-02,-1.231108163103207531e-02,-1.231108163103207531e-02,-9.513109155080624185e-03,-1.383933517516838622e-02,-1.104136269921693510e-02,-1.104136269921693510e-02,-1.104136269921693510e-02,-8.905051625032701576e-03,-1.323127764512048096e-02,-1.536758871930471448e-02,-1.536758871930471448e-02,-1.536758871930471448e-02,-1.536758871930471448e-02,-1.750389979348894801e-02,-1.750389979348894801e-02,-1.750389979348894801e-02,-1.903215333762526065e-02,-1.903215333762526065e-02,-1.903215333762526065e-02,-2.396643688776095224e-02,-2.829266290784870908e-02,-2.829266290784870908e-02,-2.335837935771302096e-02,-2.768460537780079861e-02,-2.061401075348087350e-02,-2.061401075348087350e-02,-2.061401075348087350e-02,-2.275032182766510702e-02,-2.488663290184934054e-02,-2.488663290184934054e-02,-2.488663290184934054e-02,-1.995234935171365936e-02,-2.208866042589788942e-02,-2.208866042589788942e-02,-2.208866042589788942e-02,-2.208866042589788942e-02,-2.422497150008212294e-02,-2.855119752016989018e-02,-2.855119752016989018e-02,-2.855119752016989018e-02,-2.349310395676207711e-02,-2.276123641344202433e-02,-2.276123641344202433e-02,-2.276123641344202433e-02,-2.489754748762625092e-02,-2.489754748762625092e-02,-2.489754748762625092e-02,-2.642580103176256009e-02,-2.428948995757833351e-02,-2.092180657062916310e-02,-2.092180657062916310e-02,-2.092180657062916310e-02,-1.878549549644492958e-02,-2.092180657062916310e-02,-2.092180657062916310e-02,-2.092180657062916310e-02,-2.305811764481339315e-02,-2.519442871899762668e-02,-2.519442871899762668e-02,-2.519442871899762668e-02,-2.519442871899762668e-02,-2.519442871899762668e-02,-2.939684472581327243e-02,-3.153315579999750595e-02,-3.646743935013319060e-02,-3.646743935013319060e-02,-3.646743935013319060e-02,-3.860375042431742759e-02,-3.427752440422965341e-02,-4.074006149850165764e-02,-4.074006149850165764e-02,-4.074006149850165764e-02,-4.287637257268588770e-02,-4.781065612282156541e-02,-5.213688214290933959e-02,-5.213688214290933959e-02,-4.720259859277365494e-02,-4.720259859277365494e-02,-4.933890966695788499e-02,-4.933890966695788499e-02,-4.933890966695788499e-02,-4.440462611682220728e-02,-4.440462611682220728e-02,-4.440462611682220728e-02,-4.440462611682220728e-02,-4.873085213690998146e-02,-4.799898459358993563e-02,-5.232521061367768900e-02,-5.232521061367768900e-02,-5.232521061367768900e-02,-5.232521061367768900e-02,-5.232521061367768900e-02,-4.739092706354199741e-02,-4.739092706354199741e-02,-4.245664351340630582e-02,-4.184858598335839536e-02,-3.691430243322271765e-02,-3.971227490917416530e-02,-3.971227490917416530e-02,-3.971227490917416530e-02,-3.971227490917416530e-02,-3.971227490917416530e-02,-4.184858598335839536e-02,-4.184858598335839536e-02,-3.971227490917416530e-02,-3.971227490917416530e-02,-3.971227490917416530e-02,-3.971227490917416530e-02,-3.757596383498993525e-02,-3.757596383498993525e-02,-4.190218985507770250e-02,-4.190218985507770250e-02,-4.190218985507770250e-02,-4.190218985507770250e-02,-4.190218985507770250e-02,-3.696790630494201785e-02,-3.696790630494201785e-02,-3.696790630494201785e-02,-3.696790630494201785e-02,-3.696790630494201785e-02,-3.696790630494201785e-02,-3.696790630494201785e-02,-3.483159523075778086e-02,-3.483159523075778086e-02,-3.910421737912624096e-02,-4.343044339921402208e-02,-4.343044339921402208e-02,-4.343044339921402208e-02,-4.836472694934969979e-02,-5.403087804280544415e-02,-5.403087804280544415e-02,-5.403087804280544415e-02,-5.476274558612548304e-02,-4.859708972322485804e-02,-4.366280617308917339e-02,-4.152649509890494334e-02,-4.152649509890494334e-02,-3.939018402472072022e-02,-4.012205156804077300e-02,-4.012205156804077300e-02,-4.012205156804077300e-02,-3.518776801790508835e-02,-3.518776801790508835e-02,-3.518776801790508835e-02,-3.518776801790508835e-02,-3.518776801790508835e-02,-3.518776801790508835e-02,-3.518776801790508835e-02,-4.165030511217708564e-02,-4.597653113226485289e-02,-4.597653113226485289e-02,-4.597653113226485289e-02,-4.597653113226485289e-02,-4.597653113226485289e-02,-5.091081468240053753e-02,-4.585272111899271752e-02,-4.585272111899272446e-02,-4.798903219317696839e-02,-4.462134880622779104e-02,-3.968706525609210639e-02,-4.182337633027633644e-02,-4.182337633027633644e-02,-4.395968740446057343e-02,-4.395968740446057343e-02,-5.042222449873256379e-02,-5.042222449873256379e-02,-5.322019697468402533e-02,-5.248832943136396562e-02,-4.816210341127620531e-02,-4.816210341127620531e-02,-4.816210341127620531e-02,-4.602579233709196138e-02,-4.816210341127620531e-02,-4.816210341127620531e-02,-4.816210341127620531e-02,-4.383587739118843807e-02,-4.383587739118843807e-02,-3.890159384105274648e-02,-3.890159384105274648e-02,-3.890159384105274648e-02,-3.890159384105274648e-02,-3.890159384105274648e-02,-3.890159384105274648e-02,-3.890159384105274648e-02,-3.890159384105274648e-02,-3.603341522354846366e-02,-4.468586726372399814e-02,-4.468586726372399814e-02,-4.468586726372399814e-02,-4.468586726372399814e-02,-4.468586726372399814e-02,-4.188789478777252967e-02,-4.188789478777252967e-02,-4.682217833790823514e-02,-4.682217833790823514e-02,-4.468586726372399814e-02,-4.468586726372399814e-02,-4.468586726372399814e-02,-4.468586726372399814e-02,-3.761527263940406957e-02,-3.054467801508415487e-02,-3.700721510935615910e-02,-3.207293155922047445e-02,-3.207293155922047445e-02,-3.207293155922047445e-02,-2.993662048503624440e-02,-2.561039446494847369e-02,-2.128416844486070644e-02,-2.561039446494847369e-02,-3.207293155922047445e-02,-3.207293155922047445e-02,-3.700721510935615910e-02,-3.268098908926838492e-02,-3.268098908926838492e-02,-2.774670553913270721e-02,-2.774670553913270721e-02,-2.774670553913270721e-02,-3.207293155922047445e-02,-2.774670553913270721e-02,-2.774670553913270721e-02,-2.774670553913270721e-02,-2.774670553913270721e-02,-2.701483799581266138e-02,-2.701483799581266138e-02,-2.487852692162842785e-02,-1.994424337149273974e-02,-1.994424337149273974e-02,-1.921237582817268696e-02,-1.921237582817268696e-02,-1.921237582817268696e-02,-1.848050828485263419e-02,-1.848050828485263419e-02,-1.848050828485263419e-02,-1.848050828485263419e-02,-1.848050828485263419e-02,-1.848050828485263419e-02,-1.848050828485263419e-02,-2.280673430494041184e-02,-2.421117783580459260e-02,-2.421117783580459260e-02,-2.207486676162035907e-02,-2.207486676162035907e-02,-1.870718337467118866e-02,-2.364146692480688372e-02,-2.364146692480688372e-02,-2.150515585062265367e-02,-2.150515585062265367e-02,-2.150515585062265367e-02,-2.150515585062265367e-02,-1.504261875635064249e-02,-1.504261875635064249e-02,-1.997690230648632714e-02,-1.997690230648632714e-02,-1.924503476316628131e-02,-1.858337336139906371e-02,-1.858337336139906371e-02,-1.858337336139906371e-02,-1.858337336139906371e-02,-1.858337336139906371e-02,-1.151277873707914380e-02,-1.151277873707914380e-02,-1.364908981126337559e-02,-1.364908981126337559e-02,-1.578540088544760911e-02,-1.578540088544760911e-02,-1.085111733531191926e-02,-1.298742840949615278e-02,-1.298742840949615278e-02,-1.512373948368038803e-02,-1.018945593354470165e-02,-1.232576700772893344e-02,-1.018945593354470165e-02,-1.018945593354470165e-02,-1.018945593354470165e-02,-5.863229913456930939e-03,-5.863229913456930939e-03,-5.863229913456930939e-03,-3.726918839272698718e-03,-1.537003893369157841e-03,5.993071808150747049e-04,5.993071808150747049e-04,5.993071808150747049e-04,4.871929329183541206e-03,4.871929329183541206e-03,4.871929329183541206e-03,4.871929329183541206e-03,9.806212879319224987e-03,9.806212879319224987e-03,9.806212879319224987e-03,7.669901805134990598e-03,3.343675785047217717e-03,-9.825502350405525623e-04,-9.825502350405525623e-04,-9.825502350405525623e-04,4.521444226092848767e-03,-4.128393240428351765e-04,-4.128393240428351765e-04,-1.941092868179151998e-03,-1.941092868179151998e-03,-6.875376418314835779e-03,-6.875376418314835779e-03,-4.739065344130602257e-03,-4.739065344130602257e-03,-4.131007814082685720e-03,-4.131007814082685720e-03,-4.131007814082685720e-03,-4.131007814082685720e-03,-4.131007814082685720e-03,-8.333423820898321066e-03,-4.965740433949154126e-03,-3.145688381347029719e-05,7.004106595065774394e-04,7.004106595065774394e-04,2.836721733690809443e-03,2.836721733690809443e-03,7.771005283826499729e-03,1.423354237809850049e-02,1.636985345228273575e-02,1.636985345228273575e-02,1.850616452646696927e-02,2.344044807660265739e-02,2.344044807660265739e-02,2.344044807660265739e-02,2.344044807660265739e-02,2.837473162673834204e-02,3.667669856382319016e-02,3.571815593068459332e-02,3.571815593068459332e-02,3.571815593068459332e-02,3.571815593068459332e-02,3.139192991059682608e-02,3.139192991059682608e-02,3.352824098478106307e-02,2.925561883641259256e-02,2.925561883641259256e-02,3.139192991059682608e-02,2.645764636046113796e-02,2.432133528627690791e-02,2.432133528627690791e-02,2.218502421209267439e-02,2.218502421209267439e-02,2.004871313790844087e-02,2.004871313790844087e-02,2.004871313790844087e-02,2.004871313790844087e-02,2.004871313790844087e-02,2.004871313790844087e-02,2.004871313790844087e-02,2.004871313790844087e-02,2.004871313790844087e-02,2.004871313790844087e-02,2.004871313790844087e-02,2.004871313790844087e-02,2.004871313790844087e-02,2.498299668804412552e-02,2.654959685123064669e-02,3.075201285804628551e-02,3.075201285804628551e-02,3.075201285804628551e-02,3.075201285804628551e-02,3.075201285804628551e-02,2.800764425381413111e-02,3.507823887813405622e-02,3.507823887813405622e-02,3.507823887813405622e-02,4.001252242826973393e-02,4.001252242826973393e-02,4.001252242826973393e-02,4.074438997158979364e-02,4.074438997158979364e-02,3.860807889740555665e-02,3.860807889740555665e-02,3.433545674903708961e-02,3.433545674903708961e-02,3.433545674903708961e-02,3.433545674903708961e-02,3.433545674903708961e-02,3.647176782322132660e-02,4.140605137335701125e-02,4.140605137335701125e-02,4.573227739344478543e-02,4.140605137335701125e-02,4.140605137335701125e-02,4.140605137335701125e-02,4.140605137335701125e-02,4.140605137335701125e-02,4.140605137335701125e-02,4.140605137335701125e-02,4.634033492349269590e-02,4.201410890340493559e-02,4.201410890340493559e-02,3.707982535326923706e-02,4.201410890340493559e-02,4.201410890340493559e-02,4.201410890340493559e-02,4.201410890340493559e-02,3.707982535326923706e-02,3.707982535326923706e-02,4.201410890340493559e-02,3.841975042663720724e-02,3.841975042663720724e-02,4.274597644672497448e-02,4.335403397677290577e-02,4.335403397677290577e-02,3.689149688250090153e-02,3.689149688250090153e-02,3.689149688250090153e-02,3.689149688250090153e-02,3.689149688250090153e-02,3.475518580831666454e-02,3.475518580831666454e-02,3.475518580831666454e-02,3.475518580831666454e-02,3.475518580831666454e-02,2.982090225818097989e-02,2.982090225818097989e-02,2.702292978222952183e-02,2.702292978222952183e-02,3.195721333236520995e-02,3.195721333236520995e-02,3.195721333236520995e-02,3.689149688250090153e-02,3.689149688250090153e-02,3.548705335163671731e-02,3.548705335163671731e-02,3.121443120326824680e-02,3.121443120326824680e-02,3.194629874658829610e-02,3.194629874658829610e-02,2.701201519645260798e-02,2.701201519645260798e-02,2.701201519645260798e-02,2.701201519645260798e-02,3.194629874658829610e-02,3.267816628990834193e-02,2.835194026982057469e-02,2.835194026982057469e-02,2.835194026982057469e-02,2.621562919563634117e-02,2.621562919563634117e-02,2.128134564550065999e-02,2.128134564550065999e-02,2.128134564550065999e-02,1.141277854522928549e-02,1.141277854522928549e-02,1.354908961941351728e-02,1.568540069359774733e-02,1.568540069359774733e-02,1.568540069359774733e-02,1.568540069359774733e-02,1.905308408054691774e-02,1.905308408054691774e-02,1.905308408054691774e-02,1.472685806045914876e-02,1.259054698627491524e-02,7.656263436139227989e-03,1.045423591209068172e-02,8.317924837906449931e-03,8.317924837906449931e-03,8.317924837906449931e-03,6.181613763722216409e-03,8.317924837906449931e-03,8.317924837906449931e-03,8.317924837906449931e-03,1.193726341867227224e-03,-3.132499678220541754e-03,3.973403410509619813e-04,4.669962489419427452e-03,4.669962489419427452e-03,4.669962489419427452e-03,4.669962489419427452e-03,9.604246039555114703e-03,9.604246039555114703e-03,1.297192942650427991e-02,1.297192942650427991e-02,2.497680760095988620e-02,1.510824050068851516e-02,1.790621297663997150e-02,1.643156330422295558e-02,1.856787437840718910e-02,1.856787437840718910e-02,1.856787437840718910e-02,1.856787437840718910e-02,1.856787437840718910e-02,1.856787437840718910e-02,8.699307278135816335e-03,8.699307278135816335e-03,8.699307278135816335e-03,1.735175931831135429e-02,2.228604286844703894e-02,2.228604286844703894e-02,2.228604286844703894e-02,2.228604286844703894e-02,2.301791041176708824e-02,2.301791041176708824e-02,1.441906224331085569e-02,1.441906224331085569e-02,1.441906224331085569e-02,1.222914729740732197e-02,1.436545837159155375e-02,1.436545837159155375e-02,1.436545837159155375e-02,1.436545837159155375e-02,1.436545837159155375e-02,1.436545837159155375e-02,1.436545837159155375e-02,1.436545837159155375e-02,1.929974192172723840e-02,1.929974192172723840e-02,2.143605299591146846e-02,1.929974192172723840e-02,1.929974192172723840e-02,1.929974192172723840e-02,1.929974192172723840e-02,2.209771439767869647e-02,2.209771439767869647e-02,2.209771439767869647e-02,2.209771439767869647e-02,2.282958194099874230e-02,2.282958194099874230e-02,2.776386549113443042e-02,2.776386549113443042e-02,2.282958194099874230e-02,2.715580796108651648e-02,2.929211903527074654e-02,2.435783548513505495e-02,2.435783548513505495e-02,2.222152441095082490e-02,2.222152441095082490e-02,1.789529839086305765e-02,1.789529839086305765e-02,2.008521333676659137e-02,2.008521333676659137e-02,2.008521333676659137e-02,2.008521333676659137e-02,2.222152441095082490e-02,2.222152441095082490e-02,2.222152441095082490e-02,2.222152441095082490e-02,1.728724086081513678e-02,1.728724086081513678e-02,1.728724086081513678e-02,1.235295731067945040e-02,1.667918333076722284e-02,1.667918333076722284e-02,1.667918333076722284e-02,1.667918333076722284e-02,1.667918333076722284e-02,1.667918333076722284e-02,1.174489978063153472e-02,1.174489978063153472e-02,7.418673760543764879e-03,7.418673760543764879e-03,7.418673760543764879e-03,8.985273923730283455e-03,8.985273923730283455e-03,1.112158499791451524e-02,1.605586854805020336e-02,1.605586854805020336e-02,1.325789607209874703e-02,8.323612521963060645e-03,1.264983854205083136e-02,1.264983854205083136e-02,1.264983854205083136e-02,1.264983854205083136e-02,1.264983854205083136e-02,7.715554991915144108e-03,3.389328971827375130e-03,7.715554991915144108e-03,7.715554991915144108e-03,5.579243917730913188e-03,5.579243917730913188e-03,1.051352746786659957e-02,1.124539501118664714e-02,9.109083937002415352e-03,9.109083937002415352e-03,4.174800386866728101e-03,4.174800386866728101e-03,4.174800386866728101e-03,4.174800386866728101e-03,4.174800386866728101e-03,4.174800386866728101e-03,4.174800386866728101e-03,6.311111461050959888e-03,8.447422535235192542e-03,8.447422535235192542e-03,1.338170608537087893e-02,1.124539501118664714e-02,1.124539501118664714e-02,1.461307839813581755e-02,1.954736194827149873e-02,1.954736194827149873e-02,1.522113592818373322e-02,1.595300347150378426e-02,1.028685237804804337e-02,4.620701284592309416e-03,-2.449893339727610055e-03,-2.449893339727610055e-03,-1.718025796407562054e-03,-1.718025796407562054e-03,4.182852777766705998e-04,4.182852777766705998e-04,4.182852777766705998e-04,4.182852777766705998e-04,-4.515998272359016651e-03,-4.515998272359016651e-03,-4.515998272359016651e-03,-4.515998272359016651e-03,-5.177659674126236858e-03,-5.177659674126236858e-03,-5.177659674126236858e-03,-5.177659674126236858e-03,-5.177659674126236858e-03,-1.023575323753405340e-02,-1.023575323753405340e-02,-1.456197925762182238e-02,-1.103213923835032022e-02,-1.535836525843808920e-02,-1.535836525843808920e-02,-1.535836525843808920e-02,-1.103213923835032022e-02,-1.535836525843808920e-02,-2.029264880857377731e-02,-1.749467633262231925e-02,-2.242895988275800737e-02,-2.242895988275800737e-02,-2.242895988275800737e-02,-2.242895988275800737e-02,-2.675518590284577808e-02,-2.182090235271008996e-02,-2.675518590284577808e-02,-2.889149697703000813e-02,-2.815962943370995883e-02,-2.602331835952572878e-02,-3.095760190966140996e-02,-3.095760190966140996e-02,-3.095760190966140996e-02,-3.095760190966140996e-02,-2.602331835952572878e-02,-2.602331835952572878e-02,-2.602331835952572878e-02,-2.602331835952572878e-02,-3.095760190966140996e-02,-3.095760190966140996e-02,-3.034954437961349255e-02,-3.034954437961349255e-02,-3.467577039970125979e-02,-3.961005394983695138e-02,-3.904034303883923557e-02,-3.904034303883923557e-02,-3.904034303883923557e-02,-3.904034303883923557e-02,-3.904034303883923557e-02,-3.904034303883923557e-02,-3.904034303883923557e-02,-3.904034303883923557e-02,-4.397462658897492715e-02,-4.397462658897492715e-02,-4.397462658897492715e-02,-4.397462658897492715e-02,-4.397462658897492715e-02,-4.890891013911061180e-02,-3.847063212784152669e-02,-3.847063212784152669e-02,-3.847063212784152669e-02,-3.847063212784152669e-02,-3.847063212784152669e-02,-3.847063212784152669e-02,-3.847063212784152669e-02,-3.353634857770584204e-02,-3.353634857770584204e-02,-2.860206502757015393e-02,-2.860206502757015393e-02,-2.646575395338592041e-02,-2.153147040325023576e-02,-2.153147040325023576e-02,-2.153147040325023576e-02,-2.153147040325023576e-02,-2.366778147743446581e-02,-2.860206502757015393e-02,-2.860206502757015393e-02,-2.860206502757015393e-02,-2.860206502757015393e-02,-3.073837610175438398e-02,-3.353634857770584204e-02,-2.847825501429802550e-02,-2.847825501429802550e-02,-2.634194394011378851e-02,-2.634194394011378851e-02,-2.634194394011378851e-02,-2.634194394011378851e-02,-2.140766038997810039e-02,-1.708143436989033315e-02,-1.708143436989033315e-02,-1.494512329570610483e-02,-1.001083974557041671e-02,-1.494512329570610483e-02,-4.506845284437016250e-03,-3.774977741116964779e-03,-3.774977741116964779e-03,-3.774977741116964779e-03,-3.774977741116964779e-03,-5.911288815301197867e-03,-5.911288815301197867e-03,-5.911288815301197867e-03,-5.911288815301197867e-03,-1.023751483538896771e-02,-1.084557236543688338e-02,-5.911288815301197867e-03,-5.911288815301197867e-03,-3.113316339349743705e-03,-3.113316339349743705e-03,-9.770052651655108337e-04,1.159305809018722037e-03,6.093589359154408421e-03,1.767363339066638575e-03,1.767363339066638575e-03,6.093589359154408421e-03,1.041981537924217480e-02,1.041981537924217480e-02,1.688235247351417903e-02,1.688235247351417903e-02,1.688235247351417903e-02,7.621842903290721935e-03,7.621842903290721935e-03,3.295616883202954692e-03,3.295616883202954692e-03,6.663300270152121632e-03,8.799611344336355154e-03,1.093592241852058694e-02,1.587020596865627159e-02,1.587020596865627159e-02,1.587020596865627159e-02,1.587020596865627159e-02,1.587020596865627159e-02,1.587020596865627159e-02,1.587020596865627159e-02,1.373389489447204327e-02,1.373389489447204327e-02,1.373389489447204327e-02,1.446576243779208910e-02,1.446576243779208910e-02,9.531478887656402721e-03,9.531478887656402721e-03,9.531478887656402721e-03,1.446576243779208910e-02,1.446576243779208910e-02,1.446576243779208910e-02,1.232945136360785732e-02,7.395167813472170067e-03,3.245731891522501077e-04,3.245731891522501077e-04,3.245731891522501077e-04,3.245731891522501077e-04,5.258856739287937412e-03,9.326307192001700606e-04,-8.935936381071204332e-03,-6.799625306886970810e-03,-4.663314232702737289e-03,-6.799625306886970810e-03,-6.799625306886970810e-03,-6.799625306886970810e-03,-1.173390885702265719e-02,-1.387021993120689071e-02,-1.387021993120689071e-02,-1.387021993120689071e-02,-1.387021993120689071e-02,-1.387021993120689071e-02,-1.387021993120689071e-02,-1.460208747452694175e-02,-1.673839854871117527e-02,-1.673839854871117527e-02,-1.180411499857548716e-02,-1.180411499857548716e-02,-6.869831448439800772e-03,-6.869831448439800772e-03,-9.006142522624032559e-03,-1.327876467099249960e-02,-1.267070714094457873e-02,-8.344481120856813219e-03,-8.344481120856813219e-03,-3.410197570721125102e-03,-3.410197570721125102e-03,-7.736423590808893212e-03,-1.206264961089666306e-02,-1.206264961089666306e-02,-1.206264961089666306e-02,-1.206264961089666306e-02,-8.468291134128943382e-03,-8.468291134128943382e-03,-1.065820608003247884e-02,-1.065820608003247884e-02,-1.065820608003247884e-02,-1.139007362335252641e-02,-1.139007362335252641e-02,-1.065820608003247884e-02,-8.694966223947496117e-03,-8.694966223947496117e-03,-8.694966223947496117e-03,-8.694966223947496117e-03,-4.368740203859724537e-03,-4.251418377195761224e-05,-2.840486659723411890e-03,-2.840486659723411890e-03,2.093796890412274927e-03,2.093796890412274927e-03,-2.840486659723411890e-03,-7.774770209859099140e-03,-7.774770209859099140e-03,-1.703527978008255450e-02,-1.057274268581055200e-02,-6.246516665722782156e-03,-6.978384209042834060e-03,-6.978384209042834060e-03,-1.191266775917851871e-02,-1.191266775917851871e-02,-1.191266775917851871e-02,-2.652158188955063348e-03,-2.652158188955063348e-03,-5.158471147708305849e-04,4.418436435364856557e-03,4.418436435364856557e-03,9.922430896498255284e-03,9.922430896498255284e-03,1.424865691658602253e-02,1.857488293667379498e-02,2.071119401085802850e-02,1.852127906495449131e-02,1.852127906495449131e-02,2.284750508504226202e-02,2.284750508504226202e-02,2.284750508504226202e-02,2.284750508504226202e-02,2.284750508504226202e-02,1.857488293667379498e-02,1.857488293667379498e-02,1.784301539335374220e-02,1.997932646753797573e-02,2.071119401085802850e-02,1.424865691658602253e-02,1.498052445990607356e-02,1.065429843981830459e-02,1.065429843981830459e-02,1.279060951400253811e-02,2.121638646435952333e-02,2.121638646435952333e-02,2.615067001449520798e-02,2.401435894031097446e-02,2.401435894031097446e-02,2.401435894031097446e-02,2.474622648363102376e-02,1.981194293349533911e-02,2.200185787939887283e-02,2.693614142953455748e-02,2.406796281203027812e-02,2.406796281203027812e-02,2.467602034207819900e-02,2.467602034207819900e-02,2.900224636216596277e-02,2.900224636216596277e-02,2.900224636216596277e-02,2.900224636216596277e-02,2.406796281203027812e-02,2.406796281203027812e-02,2.406796281203027812e-02,2.406796281203027812e-02,2.406796281203027812e-02,2.406796281203027812e-02,2.333609526871023229e-02,2.333609526871023229e-02,2.333609526871023229e-02,2.053812279275878117e-02,2.053812279275878117e-02,1.560383924262308958e-02,1.560383924262308958e-02,1.560383924262308958e-02,1.560383924262308958e-02,6.343329672399632482e-03,-7.272649519202908919e-04,-6.393416045376018771e-03,-6.393416045376018771e-03,-1.132769959551170255e-02,-9.191388521327469030e-03,-4.257104971191786116e-03,-4.257104971191786116e-03,-8.583330991279556829e-03,-8.583330991279556829e-03,-1.071964206546378862e-02,-1.071964206546378862e-02,-1.071964206546378862e-02,-1.722052577878599097e-02,-1.508421470460175745e-02,-2.001849825473744904e-02,-2.215480932892168256e-02,-2.215480932892168256e-02,-2.648103534900945674e-02,-2.648103534900945674e-02,-2.648103534900945674e-02,-2.648103534900945674e-02,-2.648103534900945674e-02,-2.434472427482522322e-02,-2.434472427482522322e-02,-2.434472427482522322e-02,-2.001849825473744904e-02,-2.001849825473744904e-02,-2.001849825473744904e-02,-1.928663071141740321e-02,-1.928663071141740321e-02
9.136823944396610256e-04,4.281365781388821352e-03,7.649049168337996099e-03,7.649049168337996099e-03,7.649049168337996099e-03,7.649049168337996099e-03,1.101673255528716998e-02,1.101673255528716998e-02,1.438441594223634386e-02,1.438441594223634386e-02,1.438441594223634386e-02,1.438441594223634386e-02,1.438441594223634386e-02,1.438441594223634386e-02,1.005818992214855753e-02,1.005818992214855753e-02,5.731963902060797228e-03,5.731963902060797228e-03,5.731963902060797228e-03,5.731963902060797228e-03,5.731963902060797228e-03,-7.305731922112360631e-04,-7.305731922112360631e-04,-7.305731922112360631e-04,-7.305731922112360631e-04,-7.305731922112360631e-04,-7.305731922112360631e-04,-7.305731922112360631e-04,-2.135016723075425053e-03,-2.135016723075425053e-03,-2.135016723075425053e-03,1.232666663873748826e-03,1.232666663873748826e-03,6.166950214009445617e-03,4.030639139825212096e-03,4.030639139825212096e-03,4.030639139825212096e-03,1.894328065640978141e-03,-2.431897954446808185e-03,-1.108434999462235525e-02,-1.108434999462235525e-02,-1.108434999462235525e-02,-1.541057601471011555e-02,-1.754688708889435081e-02,-1.754688708889435081e-02,-1.968319816307859474e-02,-1.895133061975853850e-02,-1.895133061975853850e-02,-1.895133061975853850e-02,-1.064936368267366783e-02,-1.064936368267366783e-02,-1.064936368267366783e-02,-9.417991369908727470e-03,-9.417991369908727470e-03,-9.417991369908727470e-03,-9.417991369908727470e-03,-1.116024432823895613e-03,-5.442250452911682156e-03,-9.768476472999455471e-03,-9.768476472999455471e-03,-9.768476472999455471e-03,-9.768476472999455471e-03,-9.768476472999455471e-03,-1.190478754718368899e-02,-5.169420773285341233e-03,-1.801737386336167354e-03,-1.801737386336167354e-03,-1.801737386336167354e-03,1.565946000613006525e-03,4.933629387562180404e-03,2.797318313377933872e-03,2.797318313377933872e-03,7.731601863513603776e-03,5.595290789329371121e-03,7.558530645414355577e-03,7.558530645414355577e-03,4.190847258465181698e-03,7.558530645414355577e-03,7.558530645414355577e-03,8.290398188734400542e-03,8.290398188734400542e-03,8.290398188734400542e-03,8.290398188734400542e-03,1.322468173887009733e-02,8.898455718782323151e-03,1.720042265586717994e-02,1.287419663577940750e-02,1.287419663577940750e-02,1.073788556159517224e-02,1.073788556159517224e-02,1.410556894854434612e-02,1.410556894854434612e-02,1.903985249868002036e-02,1.903985249868002036e-02,1.808130986554142006e-02,1.594499879135718654e-02,1.498645615821858623e-02,1.498645615821858623e-02,1.498645615821858623e-02,1.161877277126941235e-02,9.482461697085166688e-03,1.285014508403433883e-02,1.285014508403433883e-02,1.285014508403433883e-02,1.285014508403433883e-02,1.621782847098351271e-02,1.621782847098351271e-02,1.621782847098351271e-02,1.312297476366067889e-02,1.312297476366067889e-02,1.312297476366067889e-02,1.744920078374845307e-02,1.531288970956421955e-02,1.531288970956421955e-02,1.098666368947644537e-02,8.850352615292199701e-03,1.156443208255240147e-03,1.156443208255240147e-03,1.156443208255240147e-03,4.524126595204414243e-03,7.891809982153587255e-03,7.891809982153587255e-03,7.891809982153587255e-03,3.565583962065814374e-03,6.933267349014981748e-03,6.933267349014981748e-03,6.933267349014981748e-03,6.933267349014981748e-03,1.030095073596415563e-02,8.164639661779922106e-03,8.164639661779922106e-03,8.164639661779922106e-03,1.523523428609982640e-02,2.016951783623552319e-02,2.016951783623552319e-02,2.016951783623552319e-02,2.353720122318469707e-02,2.353720122318469707e-02,2.353720122318469707e-02,2.044234751586185631e-02,1.707466412891268936e-02,1.780653167223273520e-02,1.780653167223273520e-02,1.780653167223273520e-02,1.443884828528356132e-02,1.780653167223273520e-02,1.780653167223273520e-02,1.780653167223273520e-02,2.117421505918190214e-02,2.454189844613107255e-02,2.454189844613107255e-02,2.454189844613107255e-02,2.454189844613107255e-02,2.454189844613107255e-02,3.380240801635454873e-02,3.717009140330371914e-02,4.149631742339149332e-02,4.149631742339149332e-02,4.149631742339149332e-02,4.486400081034066373e-02,4.700031188452490072e-02,4.823168419728984108e-02,4.823168419728984108e-02,4.823168419728984108e-02,5.159936758423900455e-02,5.592559360432679955e-02,5.378928253014256256e-02,5.378928253014256256e-02,4.946305651005477449e-02,4.946305651005477449e-02,5.283073989700394490e-02,5.283073989700394490e-02,5.283073989700394490e-02,4.850451387691617072e-02,4.850451387691617072e-02,4.850451387691617072e-02,4.850451387691617072e-02,4.636820280273194067e-02,5.130248635286761144e-02,4.916617527868338139e-02,4.916617527868338139e-02,4.916617527868338139e-02,4.916617527868338139e-02,4.916617527868338139e-02,4.483994925859560721e-02,4.483994925859560721e-02,4.051372323850783302e-02,3.405118614423581491e-02,2.972496012414803726e-02,3.068350275728663756e-02,3.068350275728663756e-02,3.068350275728663756e-02,3.068350275728663756e-02,3.068350275728663756e-02,3.405118614423581491e-02,3.405118614423581491e-02,3.068350275728663756e-02,3.068350275728663756e-02,3.068350275728663756e-02,3.068350275728663756e-02,2.731581937033746715e-02,2.731581937033746715e-02,2.517950829615323363e-02,2.517950829615323363e-02,2.517950829615323363e-02,2.517950829615323363e-02,2.517950829615323363e-02,2.085328227606546292e-02,2.085328227606546292e-02,2.085328227606546292e-02,2.085328227606546292e-02,2.085328227606546292e-02,2.085328227606546292e-02,2.085328227606546292e-02,1.748559888911628904e-02,1.748559888911628904e-02,2.422096566301462986e-02,2.208465458883039981e-02,2.208465458883039981e-02,2.208465458883039981e-02,2.641088060891817399e-02,2.580282307887027393e-02,2.580282307887027393e-02,2.580282307887027393e-02,2.086853952873457541e-02,2.064186443891602094e-02,1.631563841882825022e-02,1.294795503187907461e-02,1.294795503187907461e-02,9.580271644929904198e-03,4.645988094794207407e-03,4.645988094794207407e-03,4.645988094794207407e-03,3.197620747064339837e-04,3.197620747064339837e-04,3.197620747064339837e-04,3.197620747064339837e-04,3.197620747064339837e-04,3.197620747064339837e-04,3.197620747064339837e-04,1.551134387471358187e-03,-5.851766867128754433e-04,-5.851766867128754433e-04,-5.851766867128754433e-04,-5.851766867128754433e-04,-5.851766867128754433e-04,3.741049333374897763e-03,1.081164395769482721e-02,1.081164395769483415e-02,1.417932734464400803e-02,1.491119488796405906e-02,1.058496886787628488e-02,1.395265225482545703e-02,1.395265225482545703e-02,1.732033564177463264e-02,1.732033564177463264e-02,1.855170795453956606e-02,1.855170795453956606e-02,1.951025058767816983e-02,2.444453413781386836e-02,2.658084521199810188e-02,2.658084521199810188e-02,2.658084521199810188e-02,2.321316182504892800e-02,2.658084521199810188e-02,2.658084521199810188e-02,2.658084521199810188e-02,2.871715628618234928e-02,2.871715628618234928e-02,2.439093026609457510e-02,2.439093026609457510e-02,2.439093026609457510e-02,2.439093026609457510e-02,2.439093026609457510e-02,2.439093026609457510e-02,2.439093026609457510e-02,2.439093026609457510e-02,2.595753042928107546e-02,2.168490828091259454e-02,2.168490828091259454e-02,2.168490828091259454e-02,2.168490828091259454e-02,2.168490828091259454e-02,2.072636564777398382e-02,2.072636564777398382e-02,2.505259166786176495e-02,2.505259166786176495e-02,2.168490828091259454e-02,2.168490828091259454e-02,2.168490828091259454e-02,2.168490828091259454e-02,1.399099887387563954e-02,6.297089466838692341e-03,7.528461779603632699e-03,3.202235759515859384e-03,3.202235759515859384e-03,3.202235759515859384e-03,-1.654476274333143869e-04,1.970863446750919026e-03,4.107174520935152548e-03,1.970863446750919026e-03,3.202235759515859384e-03,3.202235759515859384e-03,7.528461779603632699e-03,9.664772853787867088e-03,9.664772853787867088e-03,5.338546833700092906e-03,5.338546833700092906e-03,5.338546833700092906e-03,3.202235759515859384e-03,5.338546833700092906e-03,5.338546833700092906e-03,5.338546833700092906e-03,5.338546833700092906e-03,1.027283038383577582e-02,1.027283038383577582e-02,6.905146996886602807e-03,2.578920976798822987e-03,2.578920976798822987e-03,7.513204526934506335e-03,7.513204526934506335e-03,7.513204526934506335e-03,1.244748807707019012e-02,1.244748807707019012e-02,1.244748807707019012e-02,1.244748807707019012e-02,1.244748807707019012e-02,1.244748807707019012e-02,1.244748807707019012e-02,1.031117700288595659e-02,1.861314393997081165e-02,1.861314393997081165e-02,1.524546055302163951e-02,1.524546055302163951e-02,1.597732809634168361e-02,2.030355411642946473e-02,2.030355411642946473e-02,1.693587072948029432e-02,1.693587072948029432e-02,1.693587072948029432e-02,1.693587072948029432e-02,1.570449841671535743e-02,1.570449841671535743e-02,2.003072443680312814e-02,2.003072443680312814e-02,2.496500798693881279e-02,2.737414874074937943e-02,2.737414874074937943e-02,2.737414874074937943e-02,2.737414874074937943e-02,2.737414874074937943e-02,1.968023933371243137e-02,1.968023933371243137e-02,2.304792272066160178e-02,2.304792272066160178e-02,2.641560610761077565e-02,2.641560610761077565e-02,2.208938008752300147e-02,2.545706347447217535e-02,2.545706347447217535e-02,2.882474686142134923e-02,2.449852084133357505e-02,2.786620422828274199e-02,2.449852084133357505e-02,2.449852084133357505e-02,2.449852084133357505e-02,2.663483191551781898e-02,2.663483191551781898e-02,2.663483191551781898e-02,2.326714852856865204e-02,2.877114298970205250e-02,2.540345960275288556e-02,2.540345960275288556e-02,2.540345960275288556e-02,1.866809282885453433e-02,1.866809282885453433e-02,1.866809282885453433e-02,1.866809282885453433e-02,1.434186680876676188e-02,1.434186680876676188e-02,1.434186680876676188e-02,1.770955019571593403e-02,1.557323912153170051e-02,1.343692804734745658e-02,1.343692804734745658e-02,1.343692804734745658e-02,1.080111220371832680e-02,1.512733822380609924e-02,1.512733822380609924e-02,1.203248451648326542e-02,1.203248451648326542e-02,1.635871053657103960e-02,1.635871053657103960e-02,1.299102714962186572e-02,1.299102714962186572e-02,6.528490055349858885e-03,6.528490055349858885e-03,6.528490055349858885e-03,6.528490055349858885e-03,6.528490055349858885e-03,1.578899962557331685e-02,1.652086716889335921e-02,1.219464114880558676e-02,1.712892469894126968e-02,1.712892469894126968e-02,1.376124131199210100e-02,1.376124131199210100e-02,9.435015291904326820e-03,8.203642979139389932e-03,4.835959592190216053e-03,4.835959592190216053e-03,1.468276205241042173e-03,-2.857949814846737647e-03,-2.857949814846737647e-03,-2.857949814846737647e-03,-2.857949814846737647e-03,-7.184175834934510528e-03,-1.077853431170223975e-02,-1.218297784256641529e-02,-1.218297784256641529e-02,-1.218297784256641529e-02,-1.218297784256641529e-02,-1.431928891675066269e-02,-1.431928891675066269e-02,-1.768697230369983830e-02,-1.095160552980148881e-02,-1.095160552980148881e-02,-1.431928891675066269e-02,-9.993062896662888508e-03,-6.625379509713714629e-03,-6.625379509713714629e-03,-3.257696122764541184e-03,-3.257696122764541184e-03,1.099872641846291857e-04,1.099872641846291857e-04,1.099872641846291857e-04,1.099872641846291857e-04,1.099872641846291857e-04,1.099872641846291857e-04,1.099872641846291857e-04,1.099872641846291857e-04,1.099872641846291857e-04,1.099872641846291857e-04,1.099872641846291857e-04,1.099872641846291857e-04,1.099872641846291857e-04,-4.216238755903143655e-03,-9.274332319310978415e-03,-1.853484188953442163e-02,-1.853484188953442163e-02,-1.853484188953442163e-02,-1.853484188953442163e-02,-1.853484188953442163e-02,-8.704621408313245254e-03,-1.639853081535018811e-02,-1.639853081535018811e-02,-1.639853081535018811e-02,-2.072475683543796576e-02,-2.072475683543796576e-02,-2.072475683543796576e-02,-1.579047328530228111e-02,-1.579047328530228111e-02,-1.242278989835311070e-02,-1.242278989835311070e-02,-5.687423124454764681e-03,-5.687423124454764681e-03,-5.687423124454764681e-03,-5.687423124454764681e-03,-5.687423124454764681e-03,-9.055106511403936825e-03,-1.338133253149171274e-02,-1.338133253149171274e-02,-1.124502145730747749e-02,-1.338133253149171274e-02,-1.338133253149171274e-02,-1.338133253149171274e-02,-1.338133253149171274e-02,-1.338133253149171274e-02,-1.338133253149171274e-02,-1.338133253149171274e-02,-1.770755855157948866e-02,-1.984386962576373259e-02,-1.984386962576373259e-02,-1.551764360567595667e-02,-1.984386962576373259e-02,-1.984386962576373259e-02,-1.984386962576373259e-02,-1.984386962576373259e-02,-1.551764360567595667e-02,-1.551764360567595667e-02,-1.984386962576373259e-02,-1.704589714981228493e-02,-1.704589714981228493e-02,-1.490958607562803580e-02,-2.137212316990006258e-02,-2.137212316990006258e-02,-2.014075085713511876e-02,-2.014075085713511876e-02,-2.014075085713511876e-02,-2.014075085713511876e-02,-2.014075085713511876e-02,-1.677306747018594488e-02,-1.677306747018594488e-02,-1.677306747018594488e-02,-1.677306747018594488e-02,-1.677306747018594488e-02,-1.244684145009817243e-02,-1.244684145009817243e-02,-1.148829881695957039e-02,-1.148829881695957039e-02,-1.581452483704734457e-02,-1.581452483704734457e-02,-1.581452483704734457e-02,-2.014075085713511876e-02,-2.014075085713511876e-02,-1.183878392005026370e-02,-1.183878392005026370e-02,-5.103417146151919409e-03,-5.103417146151919409e-03,-1.691335960162360346e-04,-1.691335960162360346e-04,4.157092424071539422e-03,4.157092424071539422e-03,4.157092424071539422e-03,4.157092424071539422e-03,-1.691335960162360346e-04,4.765149954119447286e-03,2.628838879935214198e-03,2.628838879935214198e-03,2.628838879935214198e-03,5.996522266884386776e-03,5.996522266884386776e-03,1.032274828697216096e-02,1.032274828697216096e-02,1.032274828697216096e-02,1.897520032714771279e-02,1.897520032714771279e-02,1.560751694019853891e-02,1.223983355324936677e-02,1.223983355324936677e-02,1.223983355324936677e-02,1.223983355324936677e-02,1.297170109656942301e-02,1.297170109656942301e-02,1.297170109656942301e-02,1.083539002238518949e-02,1.420307340933436337e-02,1.852929942942213581e-02,1.757075679628353898e-02,2.093844018323270592e-02,2.093844018323270592e-02,2.093844018323270592e-02,2.430612357018187980e-02,2.093844018323270592e-02,2.093844018323270592e-02,2.093844018323270592e-02,1.976067174218706229e-02,1.762436066800282877e-02,2.160010158499990965e-02,1.486473481110156536e-02,1.486473481110156536e-02,1.486473481110156536e-02,1.486473481110156536e-02,1.053850879101379118e-02,1.053850879101379118e-02,1.127037633433383527e-02,1.127037633433383527e-02,-7.497590927908862101e-04,7.902692947384664865e-03,6.944150314246061093e-03,1.272097445500580161e-02,9.353291068056631200e-03,9.353291068056631200e-03,9.353291068056631200e-03,9.353291068056631200e-03,9.353291068056631200e-03,9.353291068056631200e-03,1.800574310823217783e-02,1.800574310823217783e-02,1.800574310823217783e-02,2.227836525660065528e-02,1.795213923651287763e-02,1.795213923651287763e-02,1.795213923651287763e-02,1.795213923651287763e-02,2.288642278664856228e-02,2.288642278664856228e-02,2.748547848636266958e-02,2.748547848636266958e-02,2.748547848636266958e-02,2.198148402522926217e-02,1.861380063828008830e-02,1.861380063828008830e-02,1.861380063828008830e-02,1.861380063828008830e-02,1.861380063828008830e-02,1.861380063828008830e-02,1.861380063828008830e-02,1.861380063828008830e-02,1.428757461819231411e-02,1.428757461819231411e-02,1.091989123124314197e-02,1.428757461819231411e-02,1.428757461819231411e-02,1.428757461819231411e-02,1.428757461819231411e-02,1.332903198505371208e-02,1.332903198505371208e-02,1.332903198505371208e-02,1.332903198505371208e-02,1.826331553518939152e-02,1.826331553518939152e-02,1.393708951510162081e-02,1.393708951510162081e-02,1.826331553518939152e-02,2.039962660937362504e-02,1.703194322242445810e-02,2.135816924251222881e-02,2.135816924251222881e-02,2.472585262946139922e-02,2.472585262946139922e-02,2.258954155527716917e-02,2.258954155527716917e-02,2.809353601641057310e-02,2.809353601641057310e-02,2.809353601641057310e-02,2.809353601641057310e-02,2.472585262946139922e-02,2.472585262946139922e-02,2.472585262946139922e-02,2.472585262946139922e-02,2.905207864954917688e-02,2.905207864954917688e-02,2.905207864954917688e-02,3.337830466963695453e-02,3.551461574382119152e-02,3.551461574382119152e-02,3.551461574382119152e-02,3.551461574382119152e-02,3.551461574382119152e-02,3.551461574382119152e-02,3.984084176390896570e-02,3.984084176390896570e-02,3.770453068972472177e-02,3.770453068972472177e-02,3.770453068972472177e-02,3.264643712631690869e-02,3.264643712631690869e-02,2.927875373936774175e-02,2.495252771927996063e-02,2.495252771927996063e-02,2.591107035241856441e-02,3.023729637250633859e-02,3.237360744669057905e-02,3.237360744669057905e-02,3.237360744669057905e-02,3.237360744669057905e-02,3.237360744669057905e-02,3.669983346677835323e-02,3.456352239259410930e-02,3.669983346677835323e-02,3.669983346677835323e-02,4.006751685372751670e-02,4.006751685372751670e-02,3.574129083363974946e-02,4.067557438377542717e-02,4.404325777072460452e-02,4.404325777072460452e-02,4.836948379081237870e-02,4.836948379081237870e-02,4.836948379081237870e-02,4.836948379081237870e-02,4.836948379081237870e-02,4.836948379081237870e-02,4.836948379081237870e-02,4.500180040386320135e-02,4.163411701691403788e-02,4.163411701691403788e-02,3.730789099682626370e-02,4.067557438377542717e-02,4.067557438377542717e-02,4.140744192709547300e-02,3.708121590700770576e-02,3.708121590700770576e-02,3.494490483282346877e-02,3.987918838295915341e-02,3.927113085291124295e-02,3.866307332286333248e-02,4.635698272990027707e-02,4.635698272990027707e-02,5.129126628003596172e-02,5.129126628003596172e-02,4.792358289308679131e-02,4.792358289308679131e-02,4.792358289308679131e-02,4.792358289308679131e-02,5.224980891317456549e-02,5.224980891317456549e-02,5.224980891317456549e-02,5.224980891317456549e-02,4.984066815936399886e-02,4.984066815936399886e-02,4.984066815936399886e-02,4.984066815936399886e-02,4.984066815936399886e-02,4.277007353504408416e-02,4.277007353504408416e-02,4.063376246085984023e-02,4.460950337785693498e-02,4.247319230367268411e-02,4.247319230367268411e-02,4.247319230367268411e-02,4.460950337785693498e-02,4.247319230367268411e-02,4.679941832376045829e-02,4.584087569062186146e-02,5.016710171070963564e-02,5.016710171070963564e-02,5.016710171070963564e-02,5.016710171070963564e-02,4.803079063652538477e-02,4.370456461643761059e-02,4.803079063652538477e-02,5.139847402347456212e-02,5.633275757361024677e-02,5.296507418666106942e-02,5.729130020674884360e-02,5.729130020674884360e-02,5.729130020674884360e-02,5.729130020674884360e-02,5.296507418666106942e-02,5.296507418666106942e-02,5.296507418666106942e-02,5.296507418666106942e-02,5.729130020674884360e-02,5.729130020674884360e-02,5.082876311247683937e-02,5.082876311247683937e-02,4.869245203829260238e-02,5.301867805838037656e-02,5.470908823483904004e-02,5.470908823483904004e-02,5.470908823483904004e-02,5.470908823483904004e-02,5.470908823483904004e-02,5.470908823483904004e-02,5.470908823483904004e-02,5.470908823483904004e-02,5.903531425492681423e-02,5.903531425492681423e-02,5.903531425492681423e-02,5.903531425492681423e-02,5.903531425492681423e-02,6.336154027501458841e-02,5.639949841129768271e-02,5.639949841129768271e-02,5.639949841129768271e-02,5.639949841129768271e-02,5.639949841129768271e-02,5.639949841129768271e-02,5.639949841129768271e-02,5.207327239120990853e-02,5.207327239120990853e-02,4.774704637112212741e-02,4.774704637112212741e-02,4.437936298417295006e-02,4.005313696408517588e-02,4.005313696408517588e-02,4.005313696408517588e-02,4.005313696408517588e-02,4.342082035103435322e-02,4.774704637112212741e-02,4.774704637112212741e-02,4.774704637112212741e-02,4.774704637112212741e-02,5.111472975807130475e-02,5.207327239120990853e-02,5.914386701552982323e-02,5.914386701552982323e-02,5.577618362858064588e-02,5.577618362858064588e-02,5.577618362858064588e-02,5.577618362858064588e-02,5.144995760849287170e-02,5.358626868267710175e-02,5.358626868267710175e-02,5.021858529572793828e-02,4.589235927564016410e-02,5.021858529572793828e-02,4.325654343201103258e-02,4.819082698214672417e-02,4.819082698214672417e-02,4.819082698214672417e-02,4.819082698214672417e-02,5.155851036909589458e-02,5.155851036909589458e-02,5.155851036909589458e-02,5.155851036909589458e-02,4.942219929491165759e-02,5.588473638918364794e-02,5.155851036909589458e-02,5.155851036909589458e-02,5.059996773595729080e-02,5.059996773595729080e-02,4.723228434900812039e-02,4.386460096205894305e-02,3.953837494197116886e-02,3.740206386778693187e-02,3.740206386778693187e-02,3.953837494197116886e-02,4.167468601615540585e-02,4.167468601615540585e-02,4.044331370339047244e-02,4.044331370339047244e-02,4.044331370339047244e-02,4.263322864929400269e-02,4.263322864929400269e-02,4.049691757510976570e-02,4.049691757510976570e-02,4.122878511842981153e-02,3.786110173148064112e-02,3.449341834453146377e-02,3.016719232444369306e-02,3.016719232444369306e-02,3.016719232444369306e-02,3.016719232444369306e-02,3.016719232444369306e-02,3.016719232444369306e-02,3.016719232444369306e-02,3.353487571139286000e-02,3.353487571139286000e-02,3.353487571139286000e-02,3.846915926152854465e-02,3.846915926152854465e-02,4.279538528161631189e-02,4.279538528161631189e-02,4.279538528161631189e-02,3.846915926152854465e-02,3.846915926152854465e-02,3.846915926152854465e-02,4.183684264847771506e-02,4.616306866856548924e-02,5.385697807560244077e-02,5.385697807560244077e-02,5.385697807560244077e-02,5.385697807560244077e-02,4.953075205551466659e-02,4.739444098133043654e-02,5.604689302150597796e-02,5.267920963455680755e-02,4.931152624760763020e-02,5.267920963455680755e-02,5.267920963455680755e-02,5.267920963455680755e-02,5.700543565464458867e-02,6.037311904159375908e-02,6.037311904159375908e-02,6.037311904159375908e-02,6.037311904159375908e-02,6.037311904159375908e-02,6.037311904159375908e-02,5.543883549145808137e-02,5.880651887840724484e-02,5.880651887840724484e-02,5.448029285831947760e-02,5.448029285831947760e-02,5.015406683823170342e-02,5.015406683823170342e-02,5.352175022518086689e-02,6.025711699907921465e-02,5.379457990480721041e-02,5.593089097899144740e-02,5.593089097899144740e-02,5.160466495890366628e-02,5.160466495890366628e-02,4.946835388471942929e-02,4.733204281053519924e-02,4.733204281053519924e-02,4.733204281053519924e-02,4.733204281053519924e-02,4.453407033458375158e-02,4.453407033458375158e-02,3.903007587345033724e-02,3.903007587345033724e-02,3.903007587345033724e-02,3.409579232331465259e-02,3.409579232331465259e-02,3.903007587345033724e-02,4.806391035385525201e-02,4.806391035385525201e-02,4.806391035385525201e-02,4.806391035385525201e-02,5.020022142803948900e-02,5.233653250222371905e-02,5.329507513536232977e-02,5.329507513536232977e-02,4.896884911527454171e-02,4.896884911527454171e-02,5.329507513536232977e-02,5.762130115545009701e-02,5.762130115545009701e-02,5.981121610135364114e-02,5.857984378858869384e-02,6.071615486277294471e-02,5.578187131263723925e-02,5.578187131263723925e-02,6.010809733272503425e-02,6.010809733272503425e-02,6.010809733272503425e-02,5.791818238682149012e-02,5.791818238682149012e-02,5.455049899987231277e-02,5.022427297978453858e-02,5.022427297978453858e-02,4.758845713615542095e-02,4.758845713615542095e-02,4.972476821033965794e-02,5.186107928452390187e-02,4.849339589757472452e-02,4.298940143644130324e-02,4.298940143644130324e-02,4.512571251062555411e-02,4.512571251062555411e-02,4.512571251062555411e-02,4.512571251062555411e-02,4.512571251062555411e-02,5.186107928452390187e-02,5.186107928452390187e-02,4.692679573438821028e-02,4.355911234743903293e-02,4.849339589757472452e-02,4.972476821033965794e-02,5.465905176047534952e-02,5.252274068629110559e-02,5.252274068629110559e-02,4.915505729934192825e-02,5.695751946698188878e-02,5.695751946698188878e-02,5.263129344689411460e-02,5.599897683384329194e-02,5.599897683384329194e-02,5.599897683384329194e-02,6.093326038397896965e-02,6.525948640406675771e-02,7.076348086520015124e-02,6.643725484511237012e-02,6.487065468192586282e-02,6.487065468192586282e-02,5.840811758765385858e-02,5.840811758765385858e-02,6.054442866183808863e-02,6.054442866183808863e-02,6.054442866183808863e-02,6.054442866183808863e-02,6.487065468192586282e-02,6.487065468192586282e-02,6.487065468192586282e-02,6.487065468192586282e-02,6.487065468192586282e-02,6.487065468192586282e-02,5.993637113179018511e-02,5.993637113179018511e-02,5.993637113179018511e-02,6.089491376492878194e-02,6.089491376492878194e-02,6.522113978501656306e-02,6.522113978501656306e-02,6.522113978501656306e-02,6.522113978501656306e-02,6.741105473092011413e-02,7.510496413795705872e-02,7.449690660790914132e-02,7.449690660790914132e-02,7.882313262799692244e-02,7.545544924104774509e-02,7.112922322095997785e-02,7.112922322095997785e-02,6.899291214677574779e-02,6.899291214677574779e-02,7.236059553372491127e-02,7.236059553372491127e-02,7.236059553372491127e-02,8.174491511722051240e-02,7.837723173027132118e-02,8.270345775035910230e-02,8.607114113730827964e-02,8.607114113730827964e-02,8.393483006312404959e-02,8.393483006312404959e-02,8.393483006312404959e-02,8.393483006312404959e-02,8.393483006312404959e-02,8.056714667617485837e-02,8.056714667617485837e-02,8.056714667617485837e-02,8.270345775035910230e-02,8.270345775035910230e-02,8.270345775035910230e-02,8.763774130049478694e-02,8.763774130049478694e-02
9.136823944392476193e-04,-3.412543625648538706e-03,-7.738769645736299010e-03,-7.738769645736299010e-03,-7.738769645736299010e-03,-7.738769645736299010e-03,-1.206499566582405931e-02,-1.206499566582405931e-02,-1.639122168591182135e-02,-1.639122168591182135e-02,-1.639122168591182135e-02,-1.639122168591182135e-02,-1.639122168591182135e-02,-1.639122168591182135e-02,-1.565935414259177552e-02,-1.565935414259177552e-02,-1.492748659927170367e-02,-1.492748659927170367e-02,-1.492748659927170367e-02,-1.492748659927170367e-02,-1.492748659927170367e-02,-9.261335505815988800e-03,-9.261335505815988800e-03,-9.261335505815988800e-03,-9.261335505815988800e-03,-9.261335505815988800e-03,-9.261335505815988800e-03,-9.261335505815988800e-03,-6.463363029864539408e-03,-6.463363029864539408e-03,-6.463363029864539408e-03,-1.078958904995229971e-02,-1.078958904995229971e-02,-7.421905663003113690e-03,-2.487622112867442919e-03,-2.487622112867442919e-03,-2.487622112867442919e-03,2.446661437268227851e-03,3.178528980588298403e-03,4.642264067228413053e-03,4.642264067228413053e-03,4.642264067228413053e-03,5.374131610548457151e-03,1.030841516068412705e-02,1.030841516068412705e-02,1.524269871081979956e-02,1.310638763663557992e-02,1.310638763663557992e-02,1.310638763663557992e-02,1.214784500349697788e-02,1.214784500349697788e-02,1.214784500349697788e-02,1.275590253354489008e-02,1.275590253354489008e-02,1.275590253354489008e-02,1.275590253354489008e-02,1.179735990040631406e-02,1.252922744372637204e-02,1.326109498704642828e-02,1.326109498704642828e-02,1.326109498704642828e-02,1.326109498704642828e-02,1.326109498704642828e-02,1.819537853718210252e-02,9.542926497006554154e-03,5.216700476918792982e-03,5.216700476918792982e-03,5.216700476918792982e-03,8.904744568310331114e-04,-3.435751563256740203e-03,1.498531986878930350e-03,1.498531986878930350e-03,4.866215373828117023e-03,9.800498923963786926e-03,8.272245379827437850e-03,8.272245379827437850e-03,1.259847139991521203e-02,8.272245379827437850e-03,8.272245379827437850e-03,6.135934305643192185e-03,6.135934305643192185e-03,6.135934305643192185e-03,6.135934305643192185e-03,9.503617692592353922e-03,1.023548523591241190e-02,9.276942602773835880e-03,1.000881014609389386e-02,1.000881014609389386e-02,1.494309369622956636e-02,1.494309369622956636e-02,1.061686767614180432e-02,1.061686767614180432e-02,1.398455106309096606e-02,1.398455106309096606e-02,1.039019258632324985e-02,1.532447613645892062e-02,1.173011765969120442e-02,1.173011765969120442e-02,1.173011765969120442e-02,1.605634367977897686e-02,2.099062722991464763e-02,1.666440120982687692e-02,1.666440120982687692e-02,1.666440120982687692e-02,1.666440120982687692e-02,1.233817518973911315e-02,1.233817518973911315e-02,1.233817518973911315e-02,1.367810026310708332e-02,1.367810026310708332e-02,1.367810026310708332e-02,1.294623271978702535e-02,1.788051626992269438e-02,1.788051626992269438e-02,1.861238381324275062e-02,2.354666736337842139e-02,2.860476092678623794e-02,2.860476092678623794e-02,2.860476092678623794e-02,2.427853490669847070e-02,1.995230888661069998e-02,1.995230888661069998e-02,1.995230888661069998e-02,2.068417642993075969e-02,1.635795040984299245e-02,1.635795040984299245e-02,1.635795040984299245e-02,1.635795040984299245e-02,1.203172438975522521e-02,1.696600793989089598e-02,1.696600793989089598e-02,1.696600793989089598e-02,1.539940777670441296e-02,1.876709116365357297e-02,1.876709116365357297e-02,1.876709116365357297e-02,1.444086514356580572e-02,1.444086514356580572e-02,1.444086514356580572e-02,1.578079021693376549e-02,2.010701623702153620e-02,1.797070516283731309e-02,1.797070516283731309e-02,1.797070516283731309e-02,2.229693118292508033e-02,1.797070516283731309e-02,1.797070516283731309e-02,1.797070516283731309e-02,1.364447914274954585e-02,9.318253122661778604e-03,9.318253122661778604e-03,9.318253122661778604e-03,9.318253122661778604e-03,9.318253122661778604e-03,1.195406896629091012e-02,7.627842946203142009e-03,6.895975402883084034e-03,6.895975402883084034e-03,6.895975402883084034e-03,2.569749382795317224e-03,-2.364534167340353113e-03,-1.756476637292449803e-03,-1.756476637292449803e-03,-1.756476637292449803e-03,-6.082702657380216829e-03,-6.814570200700270468e-03,-1.880286650564600131e-03,-1.880286650564600131e-03,-1.148419107244545842e-03,-1.148419107244545842e-03,-5.474645127332312435e-03,-5.474645127332312435e-03,-5.474645127332312435e-03,-4.742777584012255326e-03,-4.742777584012255326e-03,-4.742777584012255326e-03,-4.742777584012255326e-03,1.915059661234153087e-04,3.559189353072601900e-03,8.493472903208272237e-03,8.493472903208272237e-03,8.493472903208272237e-03,8.493472903208272237e-03,8.493472903208272237e-03,9.225340446528328478e-03,9.225340446528328478e-03,9.957207989848386454e-03,1.562335908330411173e-02,1.635522662662416624e-02,1.994958510339188071e-02,1.994958510339188071e-02,1.994958510339188071e-02,1.994958510339188071e-02,1.994958510339188071e-02,1.562335908330411173e-02,1.562335908330411173e-02,1.994958510339188071e-02,1.994958510339188071e-02,1.994958510339188071e-02,1.994958510339188071e-02,2.427581112347964795e-02,2.427581112347964795e-02,2.921009467361531525e-02,2.921009467361531525e-02,2.921009467361531525e-02,2.921009467361531525e-02,2.921009467361531525e-02,2.994196221693536802e-02,2.994196221693536802e-02,2.994196221693536802e-02,2.994196221693536802e-02,2.994196221693536802e-02,2.994196221693536802e-02,2.994196221693536802e-02,3.426818823702313527e-02,3.426818823702313527e-02,2.561573619684760425e-02,3.055001974698327849e-02,3.055001974698327849e-02,3.055001974698327849e-02,2.981815220366322225e-02,2.571860127339398172e-02,2.571860127339398172e-02,2.571860127339398172e-02,2.235091788644481825e-02,1.662024833549288760e-02,1.735211587881294037e-02,2.167834189890070762e-02,2.167834189890070762e-02,2.600456791898847139e-02,2.263688453203928710e-02,2.263688453203928710e-02,2.263688453203928710e-02,2.336875207535934335e-02,2.336875207535934335e-02,2.336875207535934335e-02,2.336875207535934335e-02,2.336875207535934335e-02,2.336875207535934335e-02,2.336875207535934335e-02,2.397680960540727116e-02,2.891109315554294540e-02,2.891109315554294540e-02,2.891109315554294540e-02,2.891109315554294540e-02,2.891109315554294540e-02,2.817922561222288916e-02,2.661262544903637492e-02,2.661262544903637492e-02,2.228639942894861115e-02,2.015008835476436375e-02,2.088195589808442346e-02,1.655572987799665274e-02,1.655572987799665274e-02,1.222950385790889070e-02,1.222950385790889070e-02,1.283756138795679250e-02,1.283756138795679250e-02,1.643191986472450003e-02,1.979960325167368779e-02,1.486531970153801702e-02,1.486531970153801702e-02,1.486531970153801702e-02,1.919154572162578426e-02,1.486531970153801702e-02,1.486531970153801702e-02,1.486531970153801702e-02,9.931036151402321960e-03,9.931036151402321960e-03,1.066290369472237820e-02,1.066290369472237820e-02,1.066290369472237820e-02,1.066290369472237820e-02,1.066290369472237820e-02,1.066290369472237820e-02,1.066290369472237820e-02,1.066290369472237820e-02,1.835681310175932973e-02,2.822538020203067474e-02,2.822538020203067474e-02,2.822538020203067474e-02,2.822538020203067474e-02,2.822538020203067474e-02,2.463102172526296374e-02,2.463102172526296374e-02,2.389915418194290403e-02,2.389915418194290403e-02,2.822538020203067474e-02,2.822538020203067474e-02,2.822538020203067474e-02,2.822538020203067474e-02,3.328347376543849823e-02,3.834156732884632518e-02,3.894962485889422177e-02,3.968149240221428148e-02,3.968149240221428148e-02,3.968149240221428148e-02,4.400771842230205566e-02,3.907343487216637795e-02,3.413915132203070718e-02,3.907343487216637795e-02,3.968149240221428148e-02,3.968149240221428148e-02,3.894962485889422177e-02,3.401534130875855100e-02,3.401534130875855100e-02,3.474720885207861071e-02,3.474720885207861071e-02,3.474720885207861071e-02,3.968149240221428148e-02,3.474720885207861071e-02,3.474720885207861071e-02,3.474720885207861071e-02,3.474720885207861071e-02,3.811489223902779500e-02,3.811489223902779500e-02,4.244111825911556224e-02,4.317298580243561501e-02,4.317298580243561501e-02,4.654066918938477848e-02,4.654066918938477848e-02,4.654066918938477848e-02,4.990835257633393501e-02,4.990835257633393501e-02,4.990835257633393501e-02,4.990835257633393501e-02,4.990835257633393501e-02,4.990835257633393501e-02,4.990835257633393501e-02,5.484263612646961966e-02,5.388409349333102977e-02,5.388409349333102977e-02,5.821031951341880395e-02,5.821031951341880395e-02,5.607400843923456002e-02,5.534214089591450031e-02,5.534214089591450031e-02,5.966836691600226755e-02,5.966836691600226755e-02,5.966836691600226755e-02,5.966836691600226755e-02,5.906030938595434321e-02,5.906030938595434321e-02,5.832844184263429738e-02,5.832844184263429738e-02,6.169612522958346085e-02,5.377554073272798607e-02,5.377554073272798607e-02,5.377554073272798607e-02,5.377554073272798607e-02,5.377554073272798607e-02,5.883363429613581302e-02,5.883363429613581302e-02,5.450740827604804578e-02,5.450740827604804578e-02,5.018118225596027160e-02,5.018118225596027160e-02,5.091304979928033131e-02,4.658682377919256407e-02,4.658682377919256407e-02,4.226059775910478988e-02,4.299246530242485653e-02,3.866623928233708929e-02,4.299246530242485653e-02,4.299246530242485653e-02,4.299246530242485653e-02,3.805818175228918576e-02,3.805818175228918576e-02,3.805818175228918576e-02,4.238440777237695301e-02,3.312389820215351499e-02,3.745012422224128223e-02,3.745012422224128223e-02,3.745012422224128223e-02,4.610257626241681672e-02,4.610257626241681672e-02,4.610257626241681672e-02,4.610257626241681672e-02,4.683444380573686949e-02,4.683444380573686949e-02,4.683444380573686949e-02,4.250821778564910225e-02,4.744250133578477302e-02,5.237678488592045073e-02,5.237678488592045073e-02,5.237678488592045073e-02,5.456669983182399486e-02,5.383483228850393515e-02,5.383483228850393515e-02,5.517475736187189839e-02,5.517475736187189839e-02,5.444288981855183868e-02,5.444288981855183868e-02,5.876911583863960592e-02,5.876911583863960592e-02,6.443526693209535028e-02,6.443526693209535028e-02,6.443526693209535028e-02,6.443526693209535028e-02,6.443526693209535028e-02,6.707108277572446098e-02,6.493477170154023093e-02,6.566663924486029758e-02,6.903432263180946105e-02,6.903432263180946105e-02,7.336054865189722829e-02,7.336054865189722829e-02,7.409241619521728106e-02,7.348435866516937753e-02,7.781058468525714478e-02,7.781058468525714478e-02,8.213681070534491202e-02,8.286867824866497867e-02,8.286867824866497867e-02,8.286867824866497867e-02,8.286867824866497867e-02,8.360054579198501756e-02,8.219610226112082640e-02,8.499407473707226712e-02,8.499407473707226712e-02,8.499407473707226712e-02,8.499407473707226712e-02,8.992835828720792402e-02,8.992835828720792402e-02,9.425458430729570514e-02,8.560213226712015677e-02,8.560213226712015677e-02,8.992835828720792402e-02,8.919649074388788512e-02,8.487026472380010400e-02,8.487026472380010400e-02,8.054403870371233676e-02,8.054403870371233676e-02,7.621781268362458339e-02,7.621781268362458339e-02,7.621781268362458339e-02,7.621781268362458339e-02,7.621781268362458339e-02,7.621781268362458339e-02,7.621781268362458339e-02,7.621781268362458339e-02,7.621781268362458339e-02,7.621781268362458339e-02,7.621781268362458339e-02,7.621781268362458339e-02,7.621781268362458339e-02,7.694968022694462229e-02,7.981785884444893286e-02,7.718204300081982216e-02,7.718204300081982216e-02,7.718204300081982216e-02,7.718204300081982216e-02,7.718204300081982216e-02,6.718966588727633138e-02,7.224775945068415139e-02,7.224775945068415139e-02,7.224775945068415139e-02,7.297962699400421804e-02,7.297962699400421804e-02,7.297962699400421804e-02,7.634731038095338151e-02,7.634731038095338151e-02,7.202108436086560039e-02,7.202108436086560039e-02,6.336863232069007978e-02,6.336863232069007978e-02,6.336863232069007978e-02,6.336863232069007978e-02,6.336863232069007978e-02,6.769485834077784703e-02,6.842672588409789980e-02,6.842672588409789980e-02,6.349244233396222903e-02,6.842672588409789980e-02,6.842672588409789980e-02,6.842672588409789980e-02,6.842672588409789980e-02,6.842672588409789980e-02,6.842672588409789980e-02,6.842672588409789980e-02,6.915859342741796645e-02,7.409287697755362334e-02,7.409287697755362334e-02,7.336100943423357057e-02,7.409287697755362334e-02,7.409287697755362334e-02,7.409287697755362334e-02,7.409287697755362334e-02,7.336100943423357057e-02,7.336100943423357057e-02,7.409287697755362334e-02,8.239484391463848534e-02,8.239484391463848534e-02,7.746056036450280069e-02,8.312671145795853811e-02,8.312671145795853811e-02,8.373476898800644164e-02,8.373476898800644164e-02,8.373476898800644164e-02,8.373476898800644164e-02,8.373476898800644164e-02,7.940854296791868827e-02,7.940854296791868827e-02,7.940854296791868827e-02,7.940854296791868827e-02,7.940854296791868827e-02,7.867667542459862162e-02,7.867667542459862162e-02,8.227103390136632222e-02,8.227103390136632222e-02,8.300290144468640274e-02,8.300290144468640274e-02,8.300290144468640274e-02,8.373476898800644164e-02,8.373476898800644164e-02,8.277622635486786562e-02,8.277622635486786562e-02,7.412377431469231726e-02,7.412377431469231726e-02,7.749145770164148073e-02,7.749145770164148073e-02,7.675959015832142796e-02,7.675959015832142796e-02,7.675959015832142796e-02,7.675959015832142796e-02,7.749145770164148073e-02,8.085914108859064420e-02,8.579342463872632885e-02,8.579342463872632885e-02,8.579342463872632885e-02,8.146719861863856160e-02,8.146719861863856160e-02,8.073533107531850883e-02,8.073533107531850883e-02,8.073533107531850883e-02,7.927159598867838941e-02,7.927159598867838941e-02,8.359782200876615665e-02,8.792404802885391002e-02,8.792404802885391002e-02,8.792404802885391002e-02,8.792404802885391002e-02,8.578773695466965221e-02,8.578773695466965221e-02,8.578773695466965221e-02,9.072202050480533686e-02,8.639579448471756962e-02,8.566392694139751685e-02,8.206956846462981625e-02,7.774334244454203513e-02,7.774334244454203513e-02,7.774334244454203513e-02,7.341711642445426789e-02,7.774334244454203513e-02,7.774334244454203513e-02,7.774334244454203513e-02,8.627198447144543425e-02,9.120626802158111890e-02,9.097959293176258178e-02,9.963204497193810238e-02,9.963204497193810238e-02,9.963204497193810238e-02,9.963204497193810238e-02,1.003639125152581552e-01,1.003639125152581552e-01,9.822760144107393898e-02,9.822760144107393898e-02,1.040175625478018395e-01,1.025538274611617062e-01,9.895946898439399175e-02,8.671265846745075667e-02,9.103888448753851004e-02,9.103888448753851004e-02,9.103888448753851004e-02,9.103888448753851004e-02,9.103888448753851004e-02,9.103888448753851004e-02,8.957514940089840449e-02,8.957514940089840449e-02,8.957514940089840449e-02,7.970658230062706295e-02,8.043844984394711572e-02,8.043844984394711572e-02,8.043844984394711572e-02,8.043844984394711572e-02,8.380613323089627920e-02,8.380613323089627920e-02,8.008796474085641548e-02,8.008796474085641548e-02,8.008796474085641548e-02,8.934847431107983962e-02,9.367470033116762074e-02,9.367470033116762074e-02,9.367470033116762074e-02,9.367470033116762074e-02,9.367470033116762074e-02,9.367470033116762074e-02,9.367470033116762074e-02,9.367470033116762074e-02,9.440656787448768739e-02,9.440656787448768739e-02,9.873279389457544075e-02,9.440656787448768739e-02,9.440656787448768739e-02,9.440656787448768739e-02,9.440656787448768739e-02,9.081220939771997291e-02,9.081220939771997291e-02,9.081220939771997291e-02,9.081220939771997291e-02,9.417989278466915026e-02,9.417989278466915026e-02,9.491176032798921691e-02,9.491176032798921691e-02,9.417989278466915026e-02,8.924560923453349337e-02,9.357183525462126061e-02,9.283996771130119396e-02,9.283996771130119396e-02,8.851374169121344060e-02,8.851374169121344060e-02,9.344802524134911137e-02,9.344802524134911137e-02,8.418751567112567336e-02,8.418751567112567336e-02,8.418751567112567336e-02,8.418751567112567336e-02,8.851374169121344060e-02,8.851374169121344060e-02,8.851374169121344060e-02,8.851374169121344060e-02,8.778187414789336007e-02,8.778187414789336007e-02,8.778187414789336007e-02,8.705000660457332118e-02,8.211572305443763653e-02,8.211572305443763653e-02,8.211572305443763653e-02,8.211572305443763653e-02,8.211572305443763653e-02,8.211572305443763653e-02,8.138385551111758376e-02,8.138385551111758376e-02,8.631813906125325453e-02,8.631813906125325453e-02,8.631813906125325453e-02,8.918631767875753735e-02,8.918631767875753735e-02,9.351254369884530460e-02,9.424441124216535737e-02,9.424441124216535737e-02,9.783876971893307184e-02,9.710690217561301907e-02,9.217261862547732054e-02,9.217261862547732054e-02,9.217261862547732054e-02,9.217261862547732054e-02,9.217261862547732054e-02,9.144075108215728165e-02,9.637503463229295242e-02,9.144075108215728165e-02,9.144075108215728165e-02,8.711452506206951441e-02,8.711452506206951441e-02,8.784639260538956718e-02,9.121407599233874453e-02,8.688784997225097728e-02,8.688784997225097728e-02,8.615598242893092451e-02,8.615598242893092451e-02,8.615598242893092451e-02,8.615598242893092451e-02,8.615598242893092451e-02,8.615598242893092451e-02,8.615598242893092451e-02,9.048220844901867788e-02,9.480843446910643124e-02,9.480843446910643124e-02,9.554030201242652565e-02,9.121407599233874453e-02,9.121407599233874453e-02,8.907776491815452835e-02,8.980963246147456724e-02,8.980963246147456724e-02,9.474391601161023801e-02,9.811159939855942924e-02,9.401204846829019912e-02,8.991249753802095512e-02,8.485440397461313511e-02,8.485440397461313511e-02,8.822208736156228470e-02,8.822208736156228470e-02,9.254831338165006582e-02,9.254831338165006582e-02,9.254831338165006582e-02,9.254831338165006582e-02,9.181644583833001305e-02,9.181644583833001305e-02,9.181644583833001305e-02,9.181644583833001305e-02,9.973703033518548089e-02,9.973703033518548089e-02,9.973703033518548089e-02,9.973703033518548089e-02,9.973703033518548089e-02,1.013036304983720021e-01,1.013036304983720021e-01,1.062379140485076728e-01,1.060112389586891496e-01,1.109455225088247926e-01,1.109455225088247926e-01,1.109455225088247926e-01,1.060112389586891496e-01,1.109455225088247926e-01,1.102136549655047537e-01,1.066192964887370254e-01,1.058874289454169726e-01,1.058874289454169726e-01,1.058874289454169726e-01,1.058874289454169726e-01,1.108217124955526434e-01,1.115535800388727100e-01,1.108217124955526434e-01,1.064954864754648622e-01,1.098631698624140535e-01,1.141893958825018207e-01,1.134575283391817818e-01,1.134575283391817818e-01,1.134575283391817818e-01,1.134575283391817818e-01,1.141893958825018207e-01,1.141893958825018207e-01,1.141893958825018207e-01,1.141893958825018207e-01,1.134575283391817818e-01,1.134575283391817818e-01,1.191236794326375192e-01,1.191236794326375192e-01,1.240579629827731761e-01,1.233260954394531095e-01,1.247841428420366078e-01,1.247841428420366078e-01,1.247841428420366078e-01,1.247841428420366078e-01,1.247841428420366078e-01,1.247841428420366078e-01,1.247841428420366078e-01,1.247841428420366078e-01,1.240522752987165550e-01,1.240522752987165550e-01,1.240522752987165550e-01,1.240522752987165550e-01,1.240522752987165550e-01,1.233204077553964884e-01,1.262421902446200783e-01,1.262421902446200783e-01,1.262421902446200783e-01,1.262421902446200783e-01,1.262421902446200783e-01,1.262421902446200783e-01,1.262421902446200783e-01,1.269740577879401311e-01,1.269740577879401311e-01,1.277059253312601839e-01,1.277059253312601839e-01,1.320321513513479650e-01,1.327640188946679900e-01,1.327640188946679900e-01,1.327640188946679900e-01,1.327640188946679900e-01,1.284377928745802366e-01,1.277059253312601839e-01,1.277059253312601839e-01,1.277059253312601839e-01,1.277059253312601839e-01,1.233796993111724305e-01,1.269740577879401311e-01,1.254074576247536099e-01,1.254074576247536099e-01,1.297336836448413910e-01,1.297336836448413910e-01,1.297336836448413910e-01,1.297336836448413910e-01,1.304655511881614438e-01,1.255312676380257730e-01,1.255312676380257730e-01,1.298574936581135542e-01,1.305893612014335792e-01,1.298574936581135542e-01,1.327792761473371164e-01,1.361469595342862937e-01,1.361469595342862937e-01,1.361469595342862937e-01,1.361469595342862937e-01,1.318207335141985126e-01,1.318207335141985126e-01,1.318207335141985126e-01,1.318207335141985126e-01,1.367550170643341834e-01,1.310888659708784876e-01,1.318207335141985126e-01,1.318207335141985126e-01,1.282263750374308398e-01,1.282263750374308398e-01,1.325526010575185931e-01,1.368788270776063742e-01,1.376106946209264270e-01,1.425449781710620978e-01,1.425449781710620978e-01,1.376106946209264270e-01,1.326764110707907285e-01,1.326764110707907285e-01,1.320683535407428388e-01,1.320683535407428388e-01,1.320683535407428388e-01,1.362707695475584568e-01,1.362707695475584568e-01,1.412050530976941276e-01,1.412050530976941276e-01,1.390687420235099114e-01,1.433949680435976648e-01,1.477211940636854459e-01,1.484530616070054987e-01,1.484530616070054987e-01,1.484530616070054987e-01,1.484530616070054987e-01,1.484530616070054987e-01,1.484530616070054987e-01,1.484530616070054987e-01,1.441268355869177176e-01,1.441268355869177176e-01,1.441268355869177176e-01,1.474945189738668949e-01,1.474945189738668949e-01,1.467626514305468421e-01,1.467626514305468421e-01,1.467626514305468421e-01,1.474945189738668949e-01,1.474945189738668949e-01,1.474945189738668949e-01,1.431682929537791138e-01,1.424364254104590888e-01,1.373783318470512549e-01,1.373783318470512549e-01,1.373783318470512549e-01,1.373783318470512549e-01,1.381101993903713077e-01,1.430444829405069784e-01,1.415807478538668729e-01,1.459069738739546263e-01,1.502331998940423796e-01,1.459069738739546263e-01,1.459069738739546263e-01,1.459069738739546263e-01,1.451751063306345457e-01,1.408488803105467924e-01,1.408488803105467924e-01,1.408488803105467924e-01,1.408488803105467924e-01,1.408488803105467924e-01,1.408488803105467924e-01,1.374811969235976428e-01,1.331549709035098616e-01,1.331549709035098616e-01,1.338868384468299144e-01,1.338868384468299144e-01,1.346187059901499949e-01,1.346187059901499949e-01,1.302924799700622138e-01,1.216400279298866793e-01,1.273061790233424306e-01,1.223718954732067460e-01,1.223718954732067460e-01,1.231037630165267988e-01,1.231037630165267988e-01,1.280380465666624556e-01,1.329723301167981542e-01,1.329723301167981542e-01,1.329723301167981542e-01,1.329723301167981542e-01,1.246703631797132783e-01,1.246703631797132783e-01,1.339308727499367302e-01,1.339308727499367302e-01,1.339308727499367302e-01,1.305631893629875528e-01,1.305631893629875528e-01,1.339308727499367302e-01,1.308360190426139380e-01,1.308360190426139380e-01,1.308360190426139380e-01,1.308360190426139380e-01,1.259017354924782395e-01,1.209674519423425687e-01,1.245618104191102971e-01,1.245618104191102971e-01,1.252936779624303498e-01,1.252936779624303498e-01,1.245618104191102971e-01,1.238299428757902165e-01,1.238299428757902165e-01,1.280323588826058623e-01,1.274243013525579449e-01,1.224900178024222602e-01,1.191223344154730829e-01,1.191223344154730829e-01,1.183904668721530162e-01,1.183904668721530162e-01,1.183904668721530162e-01,1.141880508653374121e-01,1.141880508653374121e-01,1.185142768854251655e-01,1.192461444287452044e-01,1.192461444287452044e-01,1.214360593746487693e-01,1.214360593746487693e-01,1.165017758245130847e-01,1.115674922743774139e-01,1.158937182944651811e-01,1.251542278646886053e-01,1.251542278646886053e-01,1.202199443145529345e-01,1.202199443145529345e-01,1.202199443145529345e-01,1.202199443145529345e-01,1.202199443145529345e-01,1.115674922743774139e-01,1.115674922743774139e-01,1.081998088874282227e-01,1.125260349075160038e-01,1.158937182944651811e-01,1.165017758245130847e-01,1.198694592114622481e-01,1.248037427615979189e-01,1.248037427615979189e-01,1.291299687816857000e-01,1.254270575443149349e-01,1.254270575443149349e-01,1.261589250876350154e-01,1.218326990675472343e-01,1.218326990675472343e-01,1.218326990675472343e-01,1.252003824544964117e-01,1.244685149111763450e-01,1.152080053409529209e-01,1.159398728842729875e-01,1.082459634772360429e-01,1.082459634772360429e-01,1.139121145706917526e-01,1.139121145706917526e-01,1.089778310205560818e-01,1.089778310205560818e-01,1.089778310205560818e-01,1.089778310205560818e-01,1.082459634772360429e-01,1.082459634772360429e-01,1.082459634772360429e-01,1.082459634772360429e-01,1.082459634772360429e-01,1.082459634772360429e-01,1.048782800902868517e-01,1.048782800902868517e-01,1.048782800902868517e-01,1.084726385670545662e-01,1.084726385670545662e-01,1.077407710237345273e-01,1.077407710237345273e-01,1.077407710237345273e-01,1.077407710237345273e-01,1.119431870305501453e-01,1.068850934671423253e-01,1.027855425368730952e-01,1.027855425368730952e-01,1.020536749935530285e-01,1.063799010136407958e-01,1.071117685569608485e-01,1.071117685569608485e-01,1.120460521070965193e-01,1.120460521070965193e-01,1.077198260870087521e-01,1.077198260870087521e-01,1.077198260870087521e-01,1.041197799261844303e-01,1.084460059462721837e-01,1.077141384029521171e-01,1.033879123828643498e-01,1.033879123828643498e-01,1.083221959330000345e-01,1.083221959330000345e-01,1.083221959330000345e-01,1.083221959330000345e-01,1.083221959330000345e-01,1.126484219530878017e-01,1.126484219530878017e-01,1.126484219530878017e-01,1.077141384029521171e-01,1.077141384029521171e-01,1.077141384029521171e-01,1.110818217899013083e-01,1.110818217899013083e-01
9.136823944392218153e-04,5.847965944574892369e-03,1.078224949471056314e-02,1.078224949471056314e-02,1.078224949471056314e-02,1.078224949471056314e-02,1.571653304484623564e-02,1.571653304484623564e-02,2.065081659498190295e-02,2.065081659498190295e-02,2.065081659498190295e-02,2.065081659498190295e-02,2.065081659498190295e-02,2.065081659498190295e-02,2.401849998193106642e-02,2.401849998193106642e-02,2.738618336888025417e-02,2.738618336888025417e-02,2.738618336888025417e-02,2.738618336888025417e-02,2.738618336888025417e-02,3.148573429914945654e-02,3.148573429914945654e-02,3.148573429914945654e-02,3.148573429914945654e-02,3.148573429914945654e-02,3.148573429914945654e-02,3.148573429914945654e-02,2.789137582238176635e-02,2.789137582238176635e-02,2.789137582238176635e-02,3.282565937251744059e-02,3.282565937251744059e-02,3.068934829833324177e-02,3.142121584165331188e-02,3.142121584165331188e-02,3.142121584165331188e-02,3.215308338497338547e-02,3.552076677192256976e-02,4.225613354582088976e-02,4.225613354582088976e-02,4.225613354582088976e-02,4.562381693277004630e-02,4.635568447609011988e-02,4.635568447609011988e-02,4.708755201941019347e-02,4.276132599932243317e-02,4.276132599932243317e-02,4.276132599932243317e-02,4.555929847527386001e-02,4.555929847527386001e-02,4.555929847527386001e-02,5.122544956872959743e-02,5.122544956872959743e-02,5.122544956872959743e-02,5.122544956872959743e-02,5.402342204468107284e-02,5.739110543163022937e-02,6.075878881857939978e-02,6.075878881857939978e-02,6.075878881857939978e-02,6.075878881857939978e-02,6.075878881857939978e-02,6.149065636189945949e-02,7.135922346217080103e-02,7.629350701230648568e-02,7.629350701230648568e-02,7.629350701230648568e-02,8.122779056244214257e-02,8.616207411257782722e-02,8.689394165589789387e-02,8.689394165589789387e-02,8.475763058171364994e-02,8.548949812503371659e-02,8.682942319840168677e-02,8.682942319840168677e-02,8.189513964826602987e-02,8.682942319840168677e-02,8.682942319840168677e-02,8.250319717831387789e-02,8.250319717831387789e-02,8.250319717831387789e-02,8.250319717831387789e-02,8.036688610412967559e-02,8.373456949107885294e-02,8.653254196703027978e-02,8.990022535397945713e-02,8.990022535397945713e-02,9.063209289729952378e-02,9.063209289729952378e-02,9.556637644743519455e-02,9.556637644743519455e-02,9.343006537325095062e-02,9.343006537325095062e-02,1.017320323103357571e-01,1.024638998536558376e-01,1.107658667907406858e-01,1.107658667907406858e-01,1.107658667907406858e-01,1.058315832406050150e-01,1.065634507839251371e-01,1.114977343340608079e-01,1.114977343340608079e-01,1.114977343340608079e-01,1.114977343340608079e-01,1.164320178841964787e-01,1.164320178841964787e-01,1.164320178841964787e-01,1.254658523646013657e-01,1.254658523646013657e-01,1.254658523646013657e-01,1.220981689776522161e-01,1.228300365209722828e-01,1.228300365209722828e-01,1.261977199079214462e-01,1.269295874512414990e-01,1.253629872880550056e-01,1.253629872880550056e-01,1.253629872880550056e-01,1.302972708381906763e-01,1.352315543883263471e-01,1.352315543883263471e-01,1.352315543883263471e-01,1.385992377752755245e-01,1.435335213254111952e-01,1.435335213254111952e-01,1.435335213254111952e-01,1.435335213254111952e-01,1.484678048755468660e-01,1.491996724188669465e-01,1.491996724188669465e-01,1.491996724188669465e-01,1.463314938013626221e-01,1.441951827271784059e-01,1.441951827271784059e-01,1.441951827271784059e-01,1.491294662773140767e-01,1.491294662773140767e-01,1.491294662773140767e-01,1.581633007577190053e-01,1.532290172075833068e-01,1.489027911874955534e-01,1.489027911874955534e-01,1.489027911874955534e-01,1.439685076373598827e-01,1.489027911874955534e-01,1.489027911874955534e-01,1.489027911874955534e-01,1.538370747376312242e-01,1.587713582877668950e-01,1.587713582877668950e-01,1.587713582877668950e-01,1.587713582877668950e-01,1.587713582877668950e-01,1.532673638266334737e-01,1.582016473767691722e-01,1.548339639898199949e-01,1.548339639898199949e-01,1.548339639898199949e-01,1.597682475399556656e-01,1.590363799966356129e-01,1.647025310900913642e-01,1.647025310900913642e-01,1.647025310900913642e-01,1.696368146402270349e-01,1.662691312532778298e-01,1.670009987965978826e-01,1.670009987965978826e-01,1.703686821835470877e-01,1.703686821835470877e-01,1.753029657336827585e-01,1.753029657336827585e-01,1.753029657336827585e-01,1.786706491206319081e-01,1.786706491206319081e-01,1.786706491206319081e-01,1.786706491206319081e-01,1.794025166639519886e-01,1.772662055897677169e-01,1.779980731330878529e-01,1.779980731330878529e-01,1.779980731330878529e-01,1.779980731330878529e-01,1.779980731330878529e-01,1.813657565200370303e-01,1.813657565200370303e-01,1.847334399069862076e-01,1.888329908372554378e-01,1.922006742242045596e-01,1.838987072871197392e-01,1.838987072871197392e-01,1.838987072871197392e-01,1.838987072871197392e-01,1.838987072871197392e-01,1.888329908372554378e-01,1.888329908372554378e-01,1.838987072871197392e-01,1.838987072871197392e-01,1.838987072871197392e-01,1.838987072871197392e-01,1.789644237369840685e-01,1.789644237369840685e-01,1.796962912803041490e-01,1.796962912803041490e-01,1.796962912803041490e-01,1.796962912803041490e-01,1.796962912803041490e-01,1.830639746672532986e-01,1.830639746672532986e-01,1.830639746672532986e-01,1.830639746672532986e-01,1.830639746672532986e-01,1.830639746672532986e-01,1.830639746672532986e-01,1.781296911171176278e-01,1.781296911171176278e-01,1.879982582173889694e-01,1.887301257607090499e-01,1.887301257607090499e-01,1.887301257607090499e-01,1.853624423737599003e-01,1.841310700609949114e-01,1.841310700609949114e-01,1.841310700609949114e-01,1.862673811351791553e-01,1.902431220521762223e-01,1.936108054391253996e-01,1.886765218889897289e-01,1.886765218889897289e-01,1.837422383388540581e-01,1.858785494130382465e-01,1.858785494130382465e-01,1.858785494130382465e-01,1.892462327999874239e-01,1.892462327999874239e-01,1.892462327999874239e-01,1.892462327999874239e-01,1.892462327999874239e-01,1.892462327999874239e-01,1.892462327999874239e-01,1.949123838934431474e-01,1.956442514367632002e-01,1.956442514367632002e-01,1.956442514367632002e-01,1.956442514367632002e-01,1.956442514367632002e-01,1.922765680498140783e-01,1.894083894323097816e-01,1.894083894323097816e-01,1.943426729824454524e-01,1.900164469623577268e-01,1.933841303493068486e-01,1.983184138994425472e-01,1.983184138994425472e-01,2.032526974495782179e-01,2.032526974495782179e-01,2.089188485430339415e-01,2.089188485430339415e-01,2.006168816059491211e-01,1.984805705317648494e-01,1.977487029884447967e-01,1.977487029884447967e-01,1.977487029884447967e-01,1.928144194383091259e-01,1.977487029884447967e-01,1.977487029884447967e-01,1.977487029884447967e-01,1.970168354451247439e-01,1.970168354451247439e-01,2.003845188320738935e-01,2.003845188320738935e-01,2.003845188320738935e-01,2.003845188320738935e-01,2.003845188320738935e-01,2.003845188320738935e-01,2.003845188320738935e-01,2.003845188320738935e-01,1.933139242077539788e-01,1.947776592943941676e-01,1.947776592943941676e-01,1.947776592943941676e-01,1.947776592943941676e-01,1.947776592943941676e-01,2.030796262314790157e-01,2.030796262314790157e-01,1.997119428445298384e-01,1.997119428445298384e-01,1.947776592943941676e-01,1.947776592943941676e-01,1.947776592943941676e-01,1.947776592943941676e-01,1.932110591312076742e-01,1.916444589680211807e-01,1.973106100614769043e-01,2.006782934484260816e-01,2.006782934484260816e-01,2.006782934484260816e-01,1.957440098982904109e-01,1.950121423549703303e-01,1.942802748116502221e-01,1.950121423549703303e-01,2.006782934484260816e-01,2.006782934484260816e-01,1.973106100614769043e-01,1.965787425181568515e-01,1.965787425181568515e-01,1.999464259051060011e-01,1.999464259051060011e-01,1.999464259051060011e-01,2.006782934484260816e-01,1.999464259051060011e-01,1.999464259051060011e-01,1.999464259051060011e-01,1.999464259051060011e-01,1.978101148309217572e-01,1.978101148309217572e-01,1.928758312807860864e-01,1.962435146677352638e-01,1.962435146677352638e-01,1.941072035935509921e-01,1.941072035935509921e-01,1.941072035935509921e-01,1.919708925193667481e-01,1.919708925193667481e-01,1.919708925193667481e-01,1.919708925193667481e-01,1.919708925193667481e-01,1.919708925193667481e-01,1.919708925193667481e-01,1.927027600626868287e-01,1.955007325386382833e-01,1.955007325386382833e-01,1.905664489885026125e-01,1.905664489885026125e-01,1.862402229684148036e-01,1.828725395814656540e-01,1.828725395814656540e-01,1.779382560313299833e-01,1.779382560313299833e-01,1.779382560313299833e-01,1.779382560313299833e-01,1.722721049378742597e-01,1.722721049378742597e-01,1.689044215509250824e-01,1.689044215509250824e-01,1.667681104767408107e-01,1.800043609639613296e-01,1.800043609639613296e-01,1.800043609639613296e-01,1.800043609639613296e-01,1.800043609639613296e-01,1.784377608007748361e-01,1.784377608007748361e-01,1.833720443509104792e-01,1.833720443509104792e-01,1.883063279010461499e-01,1.883063279010461499e-01,1.916740112879953273e-01,1.966082948381309981e-01,1.966082948381309981e-01,2.015425783882666688e-01,2.049102617752158184e-01,2.098445453253514892e-01,2.049102617752158184e-01,2.049102617752158184e-01,2.049102617752158184e-01,2.041783942318957656e-01,2.041783942318957656e-01,2.041783942318957656e-01,1.992441106817600949e-01,2.034465266885757129e-01,1.985122431384400421e-01,1.985122431384400421e-01,1.985122431384400421e-01,1.886436760381687006e-01,1.886436760381687006e-01,1.886436760381687006e-01,1.886436760381687006e-01,1.920113594251178224e-01,1.920113594251178224e-01,1.920113594251178224e-01,1.969456429752534932e-01,1.976775105185736015e-01,1.984093780618936542e-01,1.984093780618936542e-01,1.984093780618936542e-01,1.891488684916702856e-01,1.857811851047211360e-01,1.857811851047211360e-01,1.948150195851260369e-01,1.948150195851260369e-01,1.914473361981768595e-01,1.914473361981768595e-01,1.865130526480411888e-01,1.865130526480411888e-01,1.906126035783104189e-01,1.906126035783104189e-01,1.906126035783104189e-01,1.906126035783104189e-01,1.906126035783104189e-01,1.851086091171769976e-01,1.807823830970892165e-01,1.841500664840383938e-01,1.820137554098541777e-01,1.820137554098541777e-01,1.770794718597185069e-01,1.770794718597185069e-01,1.804471552466676565e-01,1.747810041532119052e-01,1.698467206030762067e-01,1.698467206030762067e-01,1.649124370529405359e-01,1.682801204398897410e-01,1.682801204398897410e-01,1.682801204398897410e-01,1.682801204398897410e-01,1.716478038268388906e-01,1.706892611937002868e-01,1.670949027169325862e-01,1.670949027169325862e-01,1.670949027169325862e-01,1.670949027169325862e-01,1.678267702602526945e-01,1.678267702602526945e-01,1.628924867101170237e-01,1.727610538103883653e-01,1.727610538103883653e-01,1.678267702602526945e-01,1.644590868733035172e-01,1.693933704234391879e-01,1.693933704234391879e-01,1.743276539735748587e-01,1.743276539735748587e-01,1.792619375237105295e-01,1.792619375237105295e-01,1.792619375237105295e-01,1.792619375237105295e-01,1.792619375237105295e-01,1.792619375237105295e-01,1.792619375237105295e-01,1.792619375237105295e-01,1.792619375237105295e-01,1.792619375237105295e-01,1.792619375237105295e-01,1.792619375237105295e-01,1.792619375237105295e-01,1.826296209106596791e-01,1.903235303176966375e-01,1.958275247788300311e-01,1.958275247788300311e-01,1.958275247788300311e-01,1.958275247788300311e-01,1.958275247788300311e-01,1.966622573986964440e-01,1.950956572355099505e-01,1.950956572355099505e-01,1.950956572355099505e-01,1.984633406224591279e-01,1.984633406224591279e-01,1.984633406224591279e-01,1.963270295482749117e-01,1.963270295482749117e-01,2.012613130984105547e-01,2.012613130984105547e-01,2.111298801986818963e-01,2.111298801986818963e-01,2.111298801986818963e-01,2.111298801986818963e-01,2.111298801986818963e-01,2.061955966485462255e-01,2.095632800354954028e-01,2.095632800354954028e-01,2.088314124921752946e-01,2.095632800354954028e-01,2.095632800354954028e-01,2.095632800354954028e-01,2.095632800354954028e-01,2.095632800354954028e-01,2.095632800354954028e-01,2.095632800354954028e-01,2.129309634224445247e-01,2.136628309657646330e-01,2.136628309657646330e-01,2.102951475788154556e-01,2.136628309657646330e-01,2.136628309657646330e-01,2.136628309657646330e-01,2.136628309657646330e-01,2.102951475788154556e-01,2.102951475788154556e-01,2.136628309657646330e-01,2.122583874349004418e-01,2.122583874349004418e-01,2.115265198915803890e-01,2.156260708218496469e-01,2.156260708218496469e-01,2.212922219153053704e-01,2.212922219153053704e-01,2.212922219153053704e-01,2.212922219153053704e-01,2.212922219153053704e-01,2.262265054654410412e-01,2.262265054654410412e-01,2.262265054654410412e-01,2.262265054654410412e-01,2.262265054654410412e-01,2.228588220784918361e-01,2.228588220784918361e-01,2.145568551414070158e-01,2.145568551414070158e-01,2.179245385283561653e-01,2.179245385283561653e-01,2.179245385283561653e-01,2.212922219153053704e-01,2.212922219153053704e-01,2.240901943912567973e-01,2.240901943912567973e-01,2.339587614915281111e-01,2.339587614915281111e-01,2.318224504173438949e-01,2.318224504173438949e-01,2.284547670303947731e-01,2.284547670303947731e-01,2.284547670303947731e-01,2.284547670303947731e-01,2.318224504173438949e-01,2.296861393431596787e-01,2.304180068864797870e-01,2.304180068864797870e-01,2.304180068864797870e-01,2.353522904366154578e-01,2.353522904366154578e-01,2.319846070496662804e-01,2.319846070496662804e-01,2.319846070496662804e-01,2.252492402757679535e-01,2.252492402757679535e-01,2.203149567256322827e-01,2.153806731754966119e-01,2.153806731754966119e-01,2.153806731754966119e-01,2.153806731754966119e-01,2.110544471554088308e-01,2.110544471554088308e-01,2.110544471554088308e-01,2.117863146987289114e-01,2.167205982488645821e-01,2.133529148619154048e-01,2.216548817990002251e-01,2.265891653491358959e-01,2.265891653491358959e-01,2.265891653491358959e-01,2.315234488992715667e-01,2.265891653491358959e-01,2.265891653491358959e-01,2.265891653491358959e-01,2.190190659553711283e-01,2.197509334986912366e-01,2.259165893615918130e-01,2.160480222613204715e-01,2.160480222613204715e-01,2.160480222613204715e-01,2.160480222613204715e-01,2.194157056482696488e-01,2.194157056482696488e-01,2.150894796281818677e-01,2.150894796281818677e-01,2.168905628519445239e-01,2.101551960780461970e-01,2.184571630151310451e-01,2.366276970524872070e-01,2.316934135023515362e-01,2.316934135023515362e-01,2.316934135023515362e-01,2.316934135023515362e-01,2.316934135023515362e-01,2.316934135023515362e-01,2.249580467284532370e-01,2.249580467284532370e-01,2.249580467284532370e-01,2.234943116418130760e-01,2.268619950287621978e-01,2.268619950287621978e-01,2.268619950287621978e-01,2.268619950287621978e-01,2.247256839545779816e-01,2.247256839545779816e-01,2.353261185981693759e-01,2.353261185981693759e-01,2.353261185981693759e-01,2.311237025913538135e-01,2.261894190412181427e-01,2.261894190412181427e-01,2.261894190412181427e-01,2.261894190412181427e-01,2.261894190412181427e-01,2.261894190412181427e-01,2.261894190412181427e-01,2.261894190412181427e-01,2.295571024281673200e-01,2.295571024281673200e-01,2.246228188780316215e-01,2.295571024281673200e-01,2.295571024281673200e-01,2.295571024281673200e-01,2.295571024281673200e-01,2.378590693652521126e-01,2.378590693652521126e-01,2.378590693652521126e-01,2.378590693652521126e-01,2.357227582910678965e-01,2.357227582910678965e-01,2.390904416780171016e-01,2.390904416780171016e-01,2.357227582910678965e-01,2.349908907477478437e-01,2.300566071976121729e-01,2.266889238106629956e-01,2.266889238106629956e-01,2.316232073607986663e-01,2.316232073607986663e-01,2.323550749041187746e-01,2.323550749041187746e-01,2.365574909109343371e-01,2.365574909109343371e-01,2.365574909109343371e-01,2.365574909109343371e-01,2.316232073607986663e-01,2.316232073607986663e-01,2.316232073607986663e-01,2.316232073607986663e-01,2.282555239738495445e-01,2.282555239738495445e-01,2.282555239738495445e-01,2.248878405869003672e-01,2.241559730435803144e-01,2.241559730435803144e-01,2.241559730435803144e-01,2.241559730435803144e-01,2.241559730435803144e-01,2.241559730435803144e-01,2.207882896566311370e-01,2.207882896566311370e-01,2.215201571999511898e-01,2.215201571999511898e-01,2.215201571999511898e-01,2.292140666069880928e-01,2.292140666069880928e-01,2.242797830568524498e-01,2.276474664438015993e-01,2.276474664438015993e-01,2.193454995067167790e-01,2.159778161197676016e-01,2.152459485764475489e-01,2.152459485764475489e-01,2.152459485764475489e-01,2.152459485764475489e-01,2.152459485764475489e-01,2.118782651894983715e-01,2.126101327328184798e-01,2.118782651894983715e-01,2.118782651894983715e-01,2.168125487396340700e-01,2.168125487396340700e-01,2.201802321265832196e-01,2.180439210523989757e-01,2.229782046025346465e-01,2.229782046025346465e-01,2.196105212155854969e-01,2.196105212155854969e-01,2.196105212155854969e-01,2.196105212155854969e-01,2.196105212155854969e-01,2.196105212155854969e-01,2.196105212155854969e-01,2.146762376654498261e-01,2.097419541153141553e-01,2.097419541153141553e-01,2.131096375022633049e-01,2.180439210523989757e-01,2.180439210523989757e-01,2.137176950323112223e-01,2.170853784192603719e-01,2.170853784192603719e-01,2.178172459625804525e-01,2.156809348883962363e-01,2.144495625756312751e-01,2.132181902628663694e-01,2.147847904260528629e-01,2.147847904260528629e-01,2.126484793518686467e-01,2.126484793518686467e-01,2.077141958017329759e-01,2.077141958017329759e-01,2.077141958017329759e-01,2.077141958017329759e-01,2.043465124147837986e-01,2.043465124147837986e-01,2.043465124147837986e-01,2.043465124147837986e-01,1.911102619275633074e-01,1.911102619275633074e-01,1.911102619275633074e-01,1.911102619275633074e-01,1.911102619275633074e-01,1.939784405450676319e-01,1.939784405450676319e-01,1.947103080883876847e-01,2.008759639512883166e-01,2.016078314946083694e-01,2.016078314946083694e-01,2.016078314946083694e-01,2.008759639512883166e-01,2.016078314946083694e-01,1.982401481076591920e-01,2.065421150447440402e-01,2.031744316577948628e-01,2.031744316577948628e-01,2.031744316577948628e-01,2.031744316577948628e-01,2.039062992011149433e-01,2.072739825880640929e-01,2.039062992011149433e-01,2.088405827512506141e-01,2.067042716770663702e-01,2.017699881269306994e-01,1.984023047399815498e-01,1.984023047399815498e-01,1.984023047399815498e-01,1.984023047399815498e-01,2.017699881269306994e-01,2.017699881269306994e-01,2.017699881269306994e-01,2.017699881269306994e-01,1.984023047399815498e-01,1.984023047399815498e-01,2.025018556702508077e-01,2.025018556702508077e-01,2.032337232135708882e-01,1.998660398266216831e-01,1.872378468694490539e-01,1.872378468694490539e-01,1.872378468694490539e-01,1.872378468694490539e-01,1.872378468694490539e-01,1.872378468694490539e-01,1.872378468694490539e-01,1.872378468694490539e-01,1.838701634824999043e-01,1.838701634824999043e-01,1.838701634824999043e-01,1.838701634824999043e-01,1.838701634824999043e-01,1.805024800955507269e-01,1.746096539122764524e-01,1.746096539122764524e-01,1.746096539122764524e-01,1.746096539122764524e-01,1.746096539122764524e-01,1.746096539122764524e-01,1.746096539122764524e-01,1.779773372992256297e-01,1.779773372992256297e-01,1.813450206861748348e-01,1.813450206861748348e-01,1.764107371360391641e-01,1.797784205229882859e-01,1.797784205229882859e-01,1.797784205229882859e-01,1.797784205229882859e-01,1.847127040731239844e-01,1.813450206861748348e-01,1.813450206861748348e-01,1.813450206861748348e-01,1.813450206861748348e-01,1.862793042363105056e-01,1.779773372992256297e-01,1.751091586817213330e-01,1.751091586817213330e-01,1.701748751315856623e-01,1.701748751315856623e-01,1.701748751315856623e-01,1.701748751315856623e-01,1.735425585185348396e-01,1.728106909752147868e-01,1.728106909752147868e-01,1.678764074250790606e-01,1.712440908120282379e-01,1.678764074250790606e-01,1.619835812418047860e-01,1.598472701676205698e-01,1.598472701676205698e-01,1.598472701676205698e-01,1.598472701676205698e-01,1.647815537177562406e-01,1.647815537177562406e-01,1.647815537177562406e-01,1.647815537177562406e-01,1.655134212610763211e-01,1.614138703308070910e-01,1.647815537177562406e-01,1.647815537177562406e-01,1.730835206548410887e-01,1.730835206548410887e-01,1.681492371047054180e-01,1.632149535545697472e-01,1.665826369415188690e-01,1.673145044848389773e-01,1.673145044848389773e-01,1.665826369415188690e-01,1.658507693981988163e-01,1.658507693981988163e-01,1.601846183047430927e-01,1.601846183047430927e-01,1.601846183047430927e-01,1.575488024611139959e-01,1.575488024611139959e-01,1.582806700044340487e-01,1.582806700044340487e-01,1.539544439843462953e-01,1.490201604342106245e-01,1.440858768840749538e-01,1.474535602710241311e-01,1.474535602710241311e-01,1.474535602710241311e-01,1.474535602710241311e-01,1.474535602710241311e-01,1.474535602710241311e-01,1.474535602710241311e-01,1.523878438211597741e-01,1.523878438211597741e-01,1.523878438211597741e-01,1.502515327469755579e-01,1.502515327469755579e-01,1.468838493600264083e-01,1.468838493600264083e-01,1.468838493600264083e-01,1.502515327469755579e-01,1.502515327469755579e-01,1.502515327469755579e-01,1.551858162971112287e-01,1.518181329101620791e-01,1.533847330733485725e-01,1.533847330733485725e-01,1.533847330733485725e-01,1.533847330733485725e-01,1.567524164602977499e-01,1.574842840036178027e-01,1.507489172297194757e-01,1.458146336795838049e-01,1.408803501294481342e-01,1.458146336795838049e-01,1.458146336795838049e-01,1.458146336795838049e-01,1.424469502926346554e-01,1.473812338427703261e-01,1.473812338427703261e-01,1.473812338427703261e-01,1.473812338427703261e-01,1.473812338427703261e-01,1.473812338427703261e-01,1.495175449169545423e-01,1.544518284670902131e-01,1.544518284670902131e-01,1.578195118540393904e-01,1.578195118540393904e-01,1.611871952409885400e-01,1.611871952409885400e-01,1.661214787911242385e-01,1.759900458913955801e-01,1.800895968216648102e-01,1.793577292783447297e-01,1.793577292783447297e-01,1.827254126652938793e-01,1.827254126652938793e-01,1.834572802086139598e-01,1.841891477519340403e-01,1.841891477519340403e-01,1.841891477519340403e-01,1.841891477519340403e-01,1.855935912827982037e-01,1.855935912827982037e-01,1.813911752759825857e-01,1.813911752759825857e-01,1.813911752759825857e-01,1.835274863501668019e-01,1.835274863501668019e-01,1.813911752759825857e-01,1.798629217318462314e-01,1.798629217318462314e-01,1.798629217318462314e-01,1.798629217318462314e-01,1.791310541885261509e-01,1.783991866452060981e-01,1.700972197081212778e-01,1.700972197081212778e-01,1.734649030950704274e-01,1.734649030950704274e-01,1.700972197081212778e-01,1.667295363211721004e-01,1.667295363211721004e-01,1.640937204775430036e-01,1.584275693840872523e-01,1.576957018407671718e-01,1.598320129149514157e-01,1.598320129149514157e-01,1.564643295280022384e-01,1.564643295280022384e-01,1.564643295280022384e-01,1.591001453716313629e-01,1.591001453716313629e-01,1.541658618214956922e-01,1.575335452084448418e-01,1.575335452084448418e-01,1.482730356382213899e-01,1.482730356382213899e-01,1.475411680949013093e-01,1.468093005515812566e-01,1.418750170014455858e-01,1.376726009946299678e-01,1.376726009946299678e-01,1.369407334513098873e-01,1.369407334513098873e-01,1.369407334513098873e-01,1.369407334513098873e-01,1.369407334513098873e-01,1.468093005515812566e-01,1.468093005515812566e-01,1.489456116257654728e-01,1.440113280756298020e-01,1.418750170014455858e-01,1.475411680949013093e-01,1.454048570207170932e-01,1.461367245640371737e-01,1.461367245640371737e-01,1.412024410139015029e-01,1.340080363763094251e-01,1.340080363763094251e-01,1.373757197632585747e-01,1.423100033133942455e-01,1.423100033133942455e-01,1.423100033133942455e-01,1.401736922392100293e-01,1.368060088522608519e-01,1.410084248590764699e-01,1.443761082460256473e-01,1.514467028703455342e-01,1.514467028703455342e-01,1.555462538006147644e-01,1.555462538006147644e-01,1.548143862572946838e-01,1.548143862572946838e-01,1.548143862572946838e-01,1.548143862572946838e-01,1.514467028703455342e-01,1.514467028703455342e-01,1.514467028703455342e-01,1.514467028703455342e-01,1.514467028703455342e-01,1.514467028703455342e-01,1.535830139445297504e-01,1.535830139445297504e-01,1.535830139445297504e-01,1.452810470074449023e-01,1.452810470074449023e-01,1.419133636204957249e-01,1.419133636204957249e-01,1.419133636204957249e-01,1.419133636204957249e-01,1.392775477768666559e-01,1.408441479400531771e-01,1.396127756272882159e-01,1.396127756272882159e-01,1.362450922403390663e-01,1.313108086902033955e-01,1.346784920771525451e-01,1.346784920771525451e-01,1.354103596204726256e-01,1.354103596204726256e-01,1.403446431706082964e-01,1.403446431706082964e-01,1.403446431706082964e-01,1.292830503766221883e-01,1.243487668264865176e-01,1.209810834395373680e-01,1.259153669896730388e-01,1.259153669896730388e-01,1.266472345329930915e-01,1.266472345329930915e-01,1.266472345329930915e-01,1.266472345329930915e-01,1.266472345329930915e-01,1.217129509828574346e-01,1.217129509828574346e-01,1.217129509828574346e-01,1.209810834395373680e-01,1.209810834395373680e-01,1.209810834395373680e-01,1.188447723653531379e-01,1.188447723653531379e-01
9.908631760556069201e-01,9.857205812833411684e-01,9.805779865110753057e-01,9.805779865110753057e-01,9.805779865110753057e-01,9.805779865110753057e-01,9.754353917388097761e-01,9.754353917388097761e-01,9.702927969665438024e-01,9.702927969665438024e-01,9.702927969665438024e-01,9.702927969665438024e-01,9.702927969665438024e-01,9.702927969665438024e-01,9.651502021942779397e-01,9.651502021942779397e-01,9.600076074220124100e-01,9.600076074220124100e-01,9.600076074220124100e-01,9.600076074220124100e-01,9.600076074220124100e-01,9.497224178774807957e-01,9.497224178774807957e-01,9.497224178774807957e-01,9.497224178774807957e-01,9.497224178774807957e-01,9.497224178774807957e-01,9.497224178774807957e-01,9.394372283329489592e-01,9.394372283329489592e-01,9.394372283329489592e-01,9.342946335606830965e-01,9.342946335606830965e-01,9.291520387884173449e-01,9.240094440161515932e-01,9.240094440161515932e-01,9.240094440161515932e-01,9.188668492438858415e-01,9.137242544716199788e-01,9.034390649270882534e-01,9.034390649270882534e-01,9.034390649270882534e-01,8.982964701548225017e-01,8.931538753825566390e-01,8.931538753825566390e-01,8.880112806102907763e-01,8.828686858380250246e-01,8.828686858380250246e-01,8.828686858380250246e-01,8.725834962934935213e-01,8.725834962934935213e-01,8.725834962934935213e-01,8.622983067489619069e-01,8.622983067489619069e-01,8.622983067489619069e-01,8.622983067489619069e-01,8.520131172044302925e-01,8.468705224321644298e-01,8.417279276598986781e-01,8.417279276598986781e-01,8.417279276598986781e-01,8.417279276598986781e-01,8.417279276598986781e-01,8.365853328876328154e-01,8.263001433431012011e-01,8.211575485708353384e-01,8.211575485708353384e-01,8.211575485708353384e-01,8.160149537985695867e-01,8.108723590263038350e-01,8.057297642540379723e-01,8.057297642540379723e-01,8.005871694817721096e-01,7.954445747095063579e-01,7.800167903927089919e-01,7.800167903927089919e-01,7.851593851649748546e-01,7.800167903927089919e-01,7.800167903927089919e-01,7.748741956204431292e-01,7.748741956204431292e-01,7.748741956204431292e-01,7.748741956204431292e-01,7.697316008481771554e-01,7.645890060759115148e-01,7.543038165313800114e-01,7.491612217591142597e-01,7.491612217591142597e-01,7.440186269868485081e-01,7.440186269868485081e-01,7.388760322145826454e-01,7.388760322145826454e-01,7.337334374423167827e-01,7.337334374423167827e-01,7.234482478977851683e-01,7.183056531255194166e-01,7.080204635809876912e-01,7.080204635809876912e-01,7.080204635809876912e-01,7.131630583532535539e-01,7.080204635809876912e-01,7.028778688087219395e-01,7.028778688087219395e-01,7.028778688087219395e-01,7.028778688087219395e-01,6.977352740364561878e-01,6.977352740364561878e-01,6.977352740364561878e-01,6.823074897196587107e-01,6.823074897196587107e-01,6.823074897196587107e-01,6.874500844919245734e-01,6.823074897196588218e-01,6.823074897196588218e-01,6.771648949473929591e-01,6.720223001751270964e-01,6.720223001751272074e-01,6.720223001751272074e-01,6.720223001751272074e-01,6.668797054028613447e-01,6.617371106305955930e-01,6.617371106305955930e-01,6.617371106305955930e-01,6.565945158583298413e-01,6.514519210860639786e-01,6.514519210860639786e-01,6.514519210860639786e-01,6.514519210860639786e-01,6.463093263137981159e-01,6.411667315415321422e-01,6.411667315415321422e-01,6.411667315415321422e-01,6.411667315415321422e-01,6.360241367692663905e-01,6.360241367692663905e-01,6.360241367692663905e-01,6.308815419970006388e-01,6.308815419970006388e-01,6.308815419970006388e-01,6.154537576802032728e-01,6.205963524524691355e-01,6.154537576802032728e-01,6.154537576802032728e-01,6.154537576802032728e-01,6.205963524524691355e-01,6.154537576802032728e-01,6.154537576802032728e-01,6.154537576802032728e-01,6.103111629079374101e-01,6.051685681356716584e-01,6.051685681356716584e-01,6.051685681356716584e-01,6.051685681356716584e-01,6.051685681356716584e-01,6.051685681356716584e-01,6.000259733634059067e-01,6.051685681356716584e-01,6.051685681356716584e-01,6.051685681356716584e-01,6.000259733634059067e-01,6.051685681356717694e-01,5.948833785911401550e-01,5.948833785911401550e-01,5.948833785911401550e-01,5.897407838188744034e-01,5.948833785911401550e-01,5.897407838188744034e-01,5.897407838188744034e-01,5.845981890466085407e-01,5.845981890466085407e-01,5.794555942743426780e-01,5.794555942743426780e-01,5.794555942743426780e-01,5.743129995020768153e-01,5.743129995020768153e-01,5.743129995020768153e-01,5.743129995020768153e-01,5.691704047298110636e-01,5.640278099575453119e-01,5.588852151852795602e-01,5.588852151852795602e-01,5.588852151852795602e-01,5.588852151852795602e-01,5.588852151852795602e-01,5.537426204130135865e-01,5.537426204130135865e-01,5.486000256407478348e-01,5.383148360962162204e-01,5.331722413239503577e-01,5.434574308684820831e-01,5.434574308684820831e-01,5.434574308684820831e-01,5.434574308684820831e-01,5.434574308684820831e-01,5.383148360962162204e-01,5.383148360962162204e-01,5.434574308684820831e-01,5.434574308684820831e-01,5.434574308684820831e-01,5.434574308684820831e-01,5.486000256407478348e-01,5.486000256407478348e-01,5.434574308684819721e-01,5.434574308684819721e-01,5.434574308684819721e-01,5.434574308684819721e-01,5.434574308684819721e-01,5.383148360962161094e-01,5.383148360962161094e-01,5.383148360962161094e-01,5.383148360962161094e-01,5.383148360962161094e-01,5.383148360962161094e-01,5.383148360962161094e-01,5.434574308684819721e-01,5.434574308684819721e-01,5.331722413239503577e-01,5.280296465516847171e-01,5.280296465516847171e-01,5.280296465516847171e-01,5.331722413239503577e-01,5.434574308684820831e-01,5.434574308684820831e-01,5.434574308684820831e-01,5.486000256407478348e-01,5.331722413239503577e-01,5.280296465516846061e-01,5.331722413239503577e-01,5.331722413239503577e-01,5.383148360962161094e-01,5.434574308684819721e-01,5.434574308684819721e-01,5.434574308684819721e-01,5.383148360962161094e-01,5.383148360962161094e-01,5.383148360962161094e-01,5.383148360962161094e-01,5.383148360962161094e-01,5.383148360962161094e-01,5.383148360962161094e-01,5.280296465516846061e-01,5.228870517794188544e-01,5.228870517794188544e-01,5.228870517794188544e-01,5.228870517794188544e-01,5.228870517794188544e-01,5.280296465516847171e-01,5.280296465516847171e-01,5.280296465516847171e-01,5.228870517794188544e-01,5.177444570071529917e-01,5.126018622348872400e-01,5.074592674626214883e-01,5.074592674626214883e-01,5.023166726903557366e-01,5.023166726903557366e-01,4.920314831458240667e-01,4.920314831458240667e-01,5.023166726903557366e-01,4.971740779180898184e-01,5.023166726903557366e-01,5.023166726903557366e-01,5.023166726903557366e-01,5.074592674626214883e-01,5.023166726903557366e-01,5.023166726903557366e-01,5.023166726903557366e-01,5.074592674626213773e-01,5.074592674626213773e-01,5.023166726903557366e-01,5.023166726903557366e-01,5.023166726903557366e-01,5.023166726903557366e-01,5.023166726903557366e-01,5.023166726903557366e-01,5.023166726903557366e-01,5.023166726903557366e-01,5.023166726903557366e-01,4.920314831458240112e-01,4.920314831458240112e-01,4.920314831458240112e-01,4.920314831458240112e-01,4.920314831458240112e-01,4.817462936012923969e-01,4.817462936012923969e-01,4.868888883735580930e-01,4.868888883735580930e-01,4.920314831458240112e-01,4.920314831458240112e-01,4.920314831458240112e-01,4.920314831458240112e-01,4.920314831458240112e-01,4.920314831458240112e-01,4.817462936012923969e-01,4.766036988290265897e-01,4.766036988290265897e-01,4.766036988290265897e-01,4.817462936012922858e-01,4.868888883735580930e-01,4.920314831458240112e-01,4.868888883735580930e-01,4.766036988290265897e-01,4.766036988290265897e-01,4.817462936012923969e-01,4.868888883735580930e-01,4.868888883735580930e-01,4.817462936012922858e-01,4.817462936012922858e-01,4.817462936012922858e-01,4.766036988290265897e-01,4.817462936012922858e-01,4.817462936012922858e-01,4.817462936012922858e-01,4.817462936012922858e-01,4.766036988290265897e-01,4.766036988290265897e-01,4.817462936012922858e-01,4.766036988290265897e-01,4.766036988290265897e-01,4.714611040567606715e-01,4.714611040567606715e-01,4.714611040567606715e-01,4.663185092844948643e-01,4.663185092844948643e-01,4.663185092844948643e-01,4.663185092844948643e-01,4.663185092844948643e-01,4.663185092844948643e-01,4.663185092844948643e-01,4.611759145122291681e-01,4.508907249676974427e-01,4.508907249676974427e-01,4.560333197399632499e-01,4.560333197399632499e-01,4.508907249676974427e-01,4.560333197399632499e-01,4.560333197399632499e-01,4.611759145122290016e-01,4.611759145122290016e-01,4.611759145122290016e-01,4.611759145122290016e-01,4.714611040567606159e-01,4.714611040567606159e-01,4.766036988290264231e-01,4.766036988290264231e-01,4.714611040567606715e-01,4.560333197399632499e-01,4.560333197399632499e-01,4.560333197399632499e-01,4.560333197399632499e-01,4.560333197399632499e-01,4.560333197399632499e-01,4.560333197399632499e-01,4.508907249676974427e-01,4.508907249676974427e-01,4.457481301954316355e-01,4.457481301954316355e-01,4.406055354231658283e-01,4.354629406509000211e-01,4.354629406509000211e-01,4.303203458786342139e-01,4.251777511063684623e-01,4.200351563341026551e-01,4.251777511063684623e-01,4.251777511063684623e-01,4.251777511063684623e-01,4.303203458786342139e-01,4.303203458786342139e-01,4.303203458786342139e-01,4.354629406508999656e-01,4.354629406509000211e-01,4.406055354231658283e-01,4.406055354231658283e-01,4.406055354231658283e-01,4.508907249676974427e-01,4.508907249676974427e-01,4.508907249676974427e-01,4.508907249676974427e-01,4.457481301954316355e-01,4.457481301954316355e-01,4.457481301954316355e-01,4.406055354231658283e-01,4.354629406508999656e-01,4.303203458786342139e-01,4.303203458786342139e-01,4.303203458786342139e-01,4.303203458786342139e-01,4.354629406509000211e-01,4.354629406509000211e-01,4.200351563341025440e-01,4.200351563341025440e-01,4.251777511063683512e-01,4.251777511063683512e-01,4.303203458786342139e-01,4.303203458786342139e-01,4.200351563341025996e-01,4.200351563341025996e-01,4.200351563341025996e-01,4.200351563341025996e-01,4.200351563341025996e-01,4.200351563341025996e-01,4.148925615618368479e-01,4.097499667895710407e-01,4.046073720173051780e-01,4.046073720173051780e-01,4.097499667895710407e-01,4.097499667895710407e-01,4.046073720173051780e-01,4.148925615618367924e-01,4.200351563341025440e-01,4.200351563341025440e-01,4.251777511063683512e-01,4.200351563341025440e-01,4.200351563341025440e-01,4.200351563341025440e-01,4.200351563341025440e-01,4.148925615618367368e-01,4.046073720173051780e-01,3.943221824727734526e-01,3.943221824727734526e-01,3.943221824727734526e-01,3.943221824727734526e-01,3.891795877005077564e-01,3.891795877005077564e-01,3.943221824727734526e-01,3.840369929282419492e-01,3.840369929282419492e-01,3.891795877005077564e-01,3.943221824727734526e-01,3.891795877005077564e-01,3.891795877005077564e-01,3.840369929282419492e-01,3.840369929282419492e-01,3.788943981559760310e-01,3.788943981559760310e-01,3.788943981559760310e-01,3.788943981559760310e-01,3.788943981559760310e-01,3.788943981559760310e-01,3.788943981559760310e-01,3.788943981559760310e-01,3.788943981559760310e-01,3.788943981559760310e-01,3.788943981559760310e-01,3.788943981559760310e-01,3.788943981559760310e-01,3.737518033837103348e-01,3.737518033837102238e-01,3.737518033837102238e-01,3.737518033837102238e-01,3.737518033837102238e-01,3.737518033837102238e-01,3.737518033837102238e-01,3.788943981559760310e-01,3.788943981559760310e-01,3.788943981559760310e-01,3.788943981559760310e-01,3.737518033837102238e-01,3.737518033837102238e-01,3.737518033837102238e-01,3.686092086114444166e-01,3.686092086114444166e-01,3.634666138391786649e-01,3.634666138391786649e-01,3.531814242946469951e-01,3.531814242946469951e-01,3.531814242946469951e-01,3.531814242946469951e-01,3.531814242946469951e-01,3.583240190669128022e-01,3.531814242946469951e-01,3.531814242946469951e-01,3.583240190669128022e-01,3.531814242946469951e-01,3.531814242946469951e-01,3.531814242946469951e-01,3.531814242946469951e-01,3.531814242946469951e-01,3.531814242946469951e-01,3.531814242946469951e-01,3.480388295223811879e-01,3.428962347501153807e-01,3.428962347501153807e-01,3.480388295223811879e-01,3.428962347501153807e-01,3.428962347501153807e-01,3.428962347501153807e-01,3.428962347501153807e-01,3.480388295223811879e-01,3.480388295223811879e-01,3.428962347501153807e-01,3.326110452055838218e-01,3.326110452055838218e-01,3.377536399778495735e-01,3.274684504333179591e-01,3.274684504333179591e-01,3.171832608887864002e-01,3.171832608887864002e-01,3.171832608887863447e-01,3.171832608887863447e-01,3.171832608887864002e-01,3.120406661165205930e-01,3.120406661165205930e-01,3.120406661165205930e-01,3.120406661165205930e-01,3.120406661165205930e-01,3.171832608887864557e-01,3.171832608887864557e-01,3.274684504333180146e-01,3.274684504333180146e-01,3.223258556610522074e-01,3.223258556610522074e-01,3.223258556610522074e-01,3.171832608887864002e-01,3.171832608887864002e-01,3.068980713442547303e-01,3.068980713442547303e-01,2.966128817997231715e-01,2.966128817997231715e-01,2.914702870274574198e-01,2.914702870274574198e-01,2.966128817997232270e-01,2.966128817997232270e-01,2.966128817997232270e-01,2.966128817997232270e-01,2.914702870274574198e-01,2.863276922551916126e-01,2.811850974829257499e-01,2.811850974829257499e-01,2.811850974829257499e-01,2.760425027106599427e-01,2.760425027106599427e-01,2.811850974829258054e-01,2.811850974829258054e-01,2.811850974829258054e-01,2.914702870274574198e-01,2.914702870274574198e-01,2.966128817997232270e-01,3.017554765719890342e-01,3.017554765719890342e-01,3.017554765719890342e-01,3.017554765719890342e-01,2.966128817997232270e-01,2.966128817997232270e-01,2.966128817997232270e-01,2.914702870274574198e-01,2.863276922551916681e-01,2.914702870274574753e-01,2.811850974829258609e-01,2.760425027106600537e-01,2.760425027106600537e-01,2.760425027106600537e-01,2.708999079383943021e-01,2.760425027106600537e-01,2.760425027106600537e-01,2.760425027106600537e-01,2.811850974829258609e-01,2.760425027106600537e-01,2.606147183938626322e-01,2.708999079383942465e-01,2.708999079383942465e-01,2.708999079383942465e-01,2.708999079383942465e-01,2.657573131661283838e-01,2.657573131661283838e-01,2.606147183938625211e-01,2.606147183938625211e-01,2.554721236215967139e-01,2.657573131661283283e-01,2.554721236215967695e-01,2.349017445325335685e-01,2.400443393047993479e-01,2.400443393047993479e-01,2.400443393047993479e-01,2.400443393047993479e-01,2.400443393047993479e-01,2.400443393047993479e-01,2.503295288493309623e-01,2.503295288493309623e-01,2.503295288493309623e-01,2.606147183938626322e-01,2.554721236215968250e-01,2.554721236215968250e-01,2.554721236215968250e-01,2.554721236215968250e-01,2.503295288493310178e-01,2.503295288493310178e-01,2.349017445325335962e-01,2.349017445325335962e-01,2.349017445325335962e-01,2.349017445325335962e-01,2.400443393047993756e-01,2.400443393047993756e-01,2.400443393047993756e-01,2.400443393047993756e-01,2.400443393047993756e-01,2.400443393047993756e-01,2.400443393047993756e-01,2.400443393047993756e-01,2.349017445325335685e-01,2.349017445325335685e-01,2.400443393047993479e-01,2.349017445325335685e-01,2.349017445325335685e-01,2.349017445325335685e-01,2.349017445325335685e-01,2.246165549880019818e-01,2.246165549880019818e-01,2.246165549880019818e-01,2.246165549880019818e-01,2.194739602157361746e-01,2.194739602157361746e-01,2.143313654434703119e-01,2.143313654434703119e-01,2.194739602157361746e-01,2.246165549880019818e-01,2.297591497602677613e-01,2.349017445325335685e-01,2.349017445325335685e-01,2.297591497602677613e-01,2.297591497602677613e-01,2.246165549880019818e-01,2.246165549880019818e-01,2.246165549880019541e-01,2.246165549880019541e-01,2.246165549880019541e-01,2.246165549880019541e-01,2.297591497602677613e-01,2.297591497602677613e-01,2.297591497602677613e-01,2.297591497602677613e-01,2.349017445325335962e-01,2.349017445325335962e-01,2.349017445325335962e-01,2.400443393047993756e-01,2.451869340770651828e-01,2.451869340770651828e-01,2.451869340770651828e-01,2.451869340770651828e-01,2.451869340770651828e-01,2.451869340770651828e-01,2.503295288493310178e-01,2.503295288493310178e-01,2.451869340770652106e-01,2.451869340770652106e-01,2.451869340770652106e-01,2.451869340770651828e-01,2.451869340770651828e-01,2.503295288493309623e-01,2.451869340770651828e-01,2.451869340770651828e-01,2.554721236215967695e-01,2.606147183938626322e-01,2.657573131661284394e-01,2.657573131661284394e-01,2.657573131661284394e-01,2.657573131661284394e-01,2.657573131661284394e-01,2.708999079383943021e-01,2.657573131661284394e-01,2.708999079383943021e-01,2.708999079383943021e-01,2.657573131661284949e-01,2.657573131661284949e-01,2.606147183938626322e-01,2.554721236215968250e-01,2.503295288493310178e-01,2.503295288493310178e-01,2.554721236215968805e-01,2.554721236215968805e-01,2.554721236215968805e-01,2.554721236215968805e-01,2.554721236215968805e-01,2.554721236215968805e-01,2.554721236215968805e-01,2.606147183938626322e-01,2.657573131661284394e-01,2.657573131661284394e-01,2.606147183938626322e-01,2.554721236215968250e-01,2.554721236215968250e-01,2.503295288493310178e-01,2.451869340770651828e-01,2.451869340770651828e-01,2.400443393047993756e-01,2.349017445325335685e-01,2.451869340770652106e-01,2.554721236215968805e-01,2.554721236215968805e-01,2.554721236215968805e-01,2.503295288493310733e-01,2.503295288493310733e-01,2.554721236215968805e-01,2.554721236215968805e-01,2.554721236215968805e-01,2.554721236215968805e-01,2.606147183938627432e-01,2.606147183938627432e-01,2.606147183938627432e-01,2.606147183938627432e-01,2.760425027106600537e-01,2.760425027106600537e-01,2.760425027106600537e-01,2.760425027106600537e-01,2.760425027106600537e-01,2.760425027106600537e-01,2.760425027106600537e-01,2.708999079383942465e-01,2.554721236215968805e-01,2.503295288493310733e-01,2.503295288493310733e-01,2.503295288493310733e-01,2.554721236215968805e-01,2.503295288493310733e-01,2.554721236215968805e-01,2.451869340770652939e-01,2.503295288493310733e-01,2.503295288493310733e-01,2.503295288493310733e-01,2.503295288493310733e-01,2.451869340770652939e-01,2.400443393047994867e-01,2.451869340770652939e-01,2.400443393047994867e-01,2.349017445325337072e-01,2.400443393047994867e-01,2.451869340770652939e-01,2.451869340770652939e-01,2.451869340770652939e-01,2.451869340770652939e-01,2.400443393047994867e-01,2.400443393047994867e-01,2.400443393047994867e-01,2.400443393047994867e-01,2.451869340770652939e-01,2.451869340770652939e-01,2.349017445325336240e-01,2.349017445325336240e-01,2.297591497602678723e-01,2.349017445325337072e-01,2.400443393047994867e-01,2.400443393047994867e-01,2.400443393047994867e-01,2.400443393047994867e-01,2.400443393047994867e-01,2.400443393047994867e-01,2.400443393047994867e-01,2.400443393047994867e-01,2.451869340770653216e-01,2.451869340770653216e-01,2.451869340770653216e-01,2.451869340770653216e-01,2.451869340770653216e-01,2.503295288493311288e-01,2.451869340770653216e-01,2.451869340770653216e-01,2.451869340770653216e-01,2.451869340770653216e-01,2.451869340770653216e-01,2.451869340770653216e-01,2.451869340770653216e-01,2.400443393047994867e-01,2.400443393047994867e-01,2.349017445325336240e-01,2.349017445325336240e-01,2.400443393047994312e-01,2.349017445325336240e-01,2.349017445325336240e-01,2.349017445325336240e-01,2.349017445325336240e-01,2.297591497602678723e-01,2.349017445325336240e-01,2.349017445325336240e-01,2.349017445325336240e-01,2.349017445325336240e-01,2.297591497602678723e-01,2.400443393047994867e-01,2.400443393047994867e-01,2.400443393047994867e-01,2.451869340770652939e-01,2.451869340770652939e-01,2.451869340770652939e-01,2.451869340770652939e-01,2.400443393047994312e-01,2.451869340770652939e-01,2.451869340770652939e-01,2.503295288493310733e-01,2.451869340770652106e-01,2.503295288493310733e-01,2.451869340770652106e-01,2.400443393047994312e-01,2.400443393047994312e-01,2.400443393047994312e-01,2.400443393047994312e-01,2.349017445325336240e-01,2.349017445325336240e-01,2.349017445325336240e-01,2.349017445325336240e-01,2.297591497602678168e-01,2.400443393047994867e-01,2.349017445325336240e-01,2.349017445325336240e-01,2.246165549880020096e-01,2.246165549880020096e-01,2.297591497602678168e-01,2.349017445325335962e-01,2.297591497602678168e-01,2.246165549880019818e-01,2.246165549880019818e-01,2.297591497602678168e-01,2.349017445325335962e-01,2.349017445325335962e-01,2.451869340770651828e-01,2.451869340770651828e-01,2.451869340770651828e-01,2.451869340770652106e-01,2.451869340770652106e-01,2.400443393047993756e-01,2.400443393047993756e-01,2.349017445325335962e-01,2.400443393047993756e-01,2.451869340770651828e-01,2.400443393047993756e-01,2.400443393047993756e-01,2.400443393047993756e-01,2.400443393047993756e-01,2.400443393047993756e-01,2.400443393047993756e-01,2.400443393047993756e-01,2.349017445325335685e-01,2.349017445325335685e-01,2.349017445325335685e-01,2.297591497602677613e-01,2.297591497602677613e-01,2.349017445325335685e-01,2.349017445325335685e-01,2.349017445325335685e-01,2.297591497602677613e-01,2.297591497602677613e-01,2.297591497602677613e-01,2.246165549880019818e-01,2.297591497602677890e-01,2.297591497602678168e-01,2.297591497602678168e-01,2.297591497602678168e-01,2.297591497602678168e-01,2.246165549880019818e-01,2.194739602157361746e-01,2.297591497602678723e-01,2.349017445325336240e-01,2.400443393047994312e-01,2.349017445325336240e-01,2.349017445325336240e-01,2.349017445325336240e-01,2.400443393047994312e-01,2.349017445325336240e-01,2.349017445325336240e-01,2.349017445325336240e-01,2.349017445325336240e-01,2.349017445325336240e-01,2.349017445325336240e-01,2.400443393047994867e-01,2.349017445325337072e-01,2.349017445325337072e-01,2.297591497602678723e-01,2.297591497602678723e-01,2.246165549880020096e-01,2.246165549880020096e-01,2.194739602157362302e-01,2.091887706712046713e-01,1.989035811266730014e-01,2.040461758989388363e-01,2.040461758989388363e-01,1.989035811266730014e-01,1.989035811266730014e-01,1.937609863544071942e-01,1.886183915821413870e-01,1.886183915821413870e-01,1.886183915821413870e-01,1.886183915821413870e-01,1.989035811266730014e-01,1.989035811266730014e-01,1.989035811266730014e-01,1.989035811266730014e-01,1.989035811266730014e-01,2.040461758989388086e-01,2.040461758989388086e-01,1.989035811266730014e-01,1.834757968098756076e-01,1.834757968098756076e-01,1.834757968098756076e-01,1.834757968098756076e-01,1.886183915821414148e-01,1.937609863544072220e-01,2.040461758989388363e-01,2.040461758989388363e-01,1.989035811266730014e-01,1.989035811266730014e-01,2.040461758989388363e-01,2.091887706712046713e-01,2.091887706712046713e-01,2.091887706712046713e-01,2.194739602157362857e-01,2.246165549880020929e-01,2.297591497602678723e-01,2.297591497602678723e-01,2.349017445325337072e-01,2.349017445325337072e-01,2.349017445325337072e-01,2.349017445325337072e-01,2.349017445325337072e-01,2.400443393047994867e-01,2.349017445325336240e-01,2.349017445325336240e-01,2.349017445325335962e-01,2.349017445325335962e-01,2.400443393047993756e-01,2.451869340770652106e-01,2.503295288493310178e-01,2.503295288493309623e-01,2.503295288493309623e-01,2.554721236215968250e-01,2.554721236215968250e-01,2.554721236215968250e-01,2.554721236215968250e-01,2.554721236215968250e-01,2.451869340770652106e-01,2.451869340770652106e-01,2.503295288493310178e-01,2.554721236215968250e-01,2.503295288493310178e-01,2.400443393047993756e-01,2.349017445325335962e-01,2.297591497602678168e-01,2.297591497602678168e-01,2.349017445325335962e-01,2.297591497602677890e-01,2.297591497602677890e-01,2.246165549880019818e-01,2.194739602157361746e-01,2.194739602157361746e-01,2.194739602157361746e-01,2.143313654434703952e-01,2.194739602157361746e-01,2.194739602157361746e-01,2.143313654434703674e-01,2.143313654434703952e-01,2.143313654434703952e-01,2.040461758989387531e-01,2.040461758989387531e-01,2.091887706712045880e-01,2.091887706712045880e-01,2.091887706712045880e-01,2.091887706712045880e-01,2.143313654434703952e-01,2.143313654434703952e-01,2.143313654434703952e-01,2.143313654434703952e-01,2.143313654434703952e-01,2.143313654434703952e-01,2.194739602157362024e-01,2.194739602157362024e-01,2.194739602157362024e-01,2.297591497602678168e-01,2.297591497602678168e-01,2.349017445325336240e-01,2.349017445325336240e-01,2.349017445325336240e-01,2.349017445325336240e-01,2.349017445325336240e-01,2.349017445325337072e-01,2.451869340770652939e-01,2.451869340770652939e-01,2.503295288493311288e-01,2.554721236215968805e-01,2.503295288493310733e-01,2.503295288493310733e-01,2.451869340770652939e-01,2.451869340770652939e-01,2.400443393047994867e-01,2.400443393047994867e-01,2.400443393047994867e-01,2.451869340770653216e-01,2.503295288493311288e-01,2.554721236215969915e-01,2.503295288493311843e-01,2.503295288493311843e-01,2.451869340770653216e-01,2.451869340770653216e-01,2.451869340770653216e-01,2.451869340770653216e-01,2.451869340770653216e-01,2.503295288493311288e-01,2.503295288493311288e-01,2.503295288493311288e-01,2.554721236215969915e-01,2.554721236215969915e-01,2.554721236215969915e-01,2.503295288493311843e-01,2.503295288493311843e-01
9.136823944397126336e-04,5.847965944575409317e-03,1.078224949471108009e-02,1.078224949471108009e-02,1.078224949471108009e-02,1.078224949471108009e-02,1.571653304484677688e-02,1.571653304484677688e-02,2.065081659498247194e-02,2.065081659498247194e-02,2.065081659498247194e-02,2.065081659498247194e-02,2.065081659498247194e-02,2.065081659498247194e-02,2.401849998193165969e-02,2.401849998193165969e-02,2.738618336888087521e-02,2.738618336888087521e-02,2.738618336888087521e-02,2.738618336888087521e-02,2.738618336888087521e-02,3.148573429915012961e-02,3.148573429915012961e-02,3.148573429915012961e-02,3.148573429915012961e-02,3.148573429915012961e-02,3.148573429915012961e-02,3.148573429915012961e-02,2.789137582238233534e-02,2.789137582238233534e-02,2.789137582238233534e-02,3.282565937251800264e-02,3.282565937251800264e-02,3.068934829833375871e-02,3.142121584165377679e-02,3.142121584165377679e-02,3.142121584165377679e-02,3.215308338497379487e-02,3.552076677192297915e-02,4.225613354582136161e-02,4.225613354582136161e-02,4.225613354582136161e-02,4.562381693277054590e-02,4.635568447609056397e-02,4.635568447609056397e-02,4.708755201941058899e-02,4.276132599932282174e-02,4.276132599932282174e-02,4.276132599932282174e-02,4.555929847527426940e-02,4.555929847527426940e-02,4.555929847527426940e-02,5.122544956873000682e-02,5.122544956873000682e-02,5.122544956873000682e-02,5.122544956873000682e-02,5.402342204468146142e-02,5.739110543163064571e-02,6.075878881857983693e-02,6.075878881857983693e-02,6.075878881857983693e-02,6.075878881857983693e-02,6.075878881857983693e-02,6.149065636189985501e-02,7.135922346217121737e-02,7.629350701230688814e-02,7.629350701230688814e-02,7.629350701230688814e-02,8.122779056244258666e-02,8.616207411257827131e-02,8.689394165589829633e-02,8.689394165589829633e-02,8.475763058171403852e-02,8.548949812503410517e-02,8.682942319840206147e-02,8.682942319840206147e-02,8.189513964826637682e-02,8.682942319840206147e-02,8.682942319840206147e-02,8.250319717831429422e-02,8.250319717831429422e-02,8.250319717831429422e-02,8.250319717831429422e-02,8.036688610413005029e-02,8.373456949107924152e-02,8.653254196703066836e-02,8.990022535397984571e-02,8.990022535397984571e-02,9.063209289729988460e-02,9.063209289729988460e-02,9.556637644743556925e-02,9.556637644743556925e-02,9.343006537325136696e-02,9.343006537325136696e-02,1.017320323103362706e-01,1.024638998536562262e-01,1.107658667907411021e-01,1.107658667907411021e-01,1.107658667907411021e-01,1.058315832406054174e-01,1.065634507839254980e-01,1.114977343340611826e-01,1.114977343340611826e-01,1.114977343340611826e-01,1.114977343340611826e-01,1.164320178841968395e-01,1.164320178841968395e-01,1.164320178841968395e-01,1.254658523646017543e-01,1.254658523646017543e-01,1.254658523646017543e-01,1.220981689776525630e-01,1.228300365209725742e-01,1.228300365209725742e-01,1.261977199079217515e-01,1.269295874512417766e-01,1.253629872880552554e-01,1.253629872880552554e-01,1.253629872880552554e-01,1.302972708381909817e-01,1.352315543883266802e-01,1.352315543883266802e-01,1.352315543883266802e-01,1.385992377752758575e-01,1.435335213254115283e-01,1.435335213254115283e-01,1.435335213254115283e-01,1.435335213254115283e-01,1.484678048755472546e-01,1.491996724188672518e-01,1.491996724188672518e-01,1.491996724188672518e-01,1.463314938013630107e-01,1.441951827271787945e-01,1.441951827271787945e-01,1.441951827271787945e-01,1.491294662773144653e-01,1.491294662773144653e-01,1.491294662773144653e-01,1.581633007577193661e-01,1.532290172075836954e-01,1.489027911874958865e-01,1.489027911874958865e-01,1.489027911874958865e-01,1.439685076373601880e-01,1.489027911874958865e-01,1.489027911874958865e-01,1.489027911874958865e-01,1.538370747376315573e-01,1.587713582877672280e-01,1.587713582877672280e-01,1.587713582877672280e-01,1.587713582877672280e-01,1.587713582877672280e-01,1.532673638266338623e-01,1.582016473767695330e-01,1.548339639898203279e-01,1.548339639898203279e-01,1.548339639898203279e-01,1.597682475399559987e-01,1.590363799966360014e-01,1.647025310900916972e-01,1.647025310900916972e-01,1.647025310900916972e-01,1.696368146402273680e-01,1.662691312532781629e-01,1.670009987965982157e-01,1.670009987965982157e-01,1.703686821835473930e-01,1.703686821835473930e-01,1.753029657336830638e-01,1.753029657336830638e-01,1.753029657336830638e-01,1.786706491206323244e-01,1.786706491206323244e-01,1.786706491206323244e-01,1.786706491206323244e-01,1.794025166639522939e-01,1.772662055897680777e-01,1.779980731330880750e-01,1.779980731330880750e-01,1.779980731330880750e-01,1.779980731330880750e-01,1.779980731330880750e-01,1.813657565200372801e-01,1.813657565200372801e-01,1.847334399069864852e-01,1.888329908372556876e-01,1.922006742242048372e-01,1.838987072871199890e-01,1.838987072871199890e-01,1.838987072871199890e-01,1.838987072871199890e-01,1.838987072871199890e-01,1.888329908372556876e-01,1.888329908372556876e-01,1.838987072871199890e-01,1.838987072871199890e-01,1.838987072871199890e-01,1.838987072871199890e-01,1.789644237369843183e-01,1.789644237369843183e-01,1.796962912803043433e-01,1.796962912803043433e-01,1.796962912803043433e-01,1.796962912803043433e-01,1.796962912803043433e-01,1.830639746672534929e-01,1.830639746672534929e-01,1.830639746672534929e-01,1.830639746672534929e-01,1.830639746672534929e-01,1.830639746672534929e-01,1.830639746672534929e-01,1.781296911171177944e-01,1.781296911171177944e-01,1.879982582173891636e-01,1.887301257607091887e-01,1.887301257607091887e-01,1.887301257607091887e-01,1.853624423737599836e-01,1.841310700609950779e-01,1.841310700609950779e-01,1.841310700609950779e-01,1.862673811351792941e-01,1.902431220521764443e-01,1.936108054391256494e-01,1.886765218889899509e-01,1.886765218889899509e-01,1.837422383388542801e-01,1.858785494130384963e-01,1.858785494130384963e-01,1.858785494130384963e-01,1.892462327999877014e-01,1.892462327999877014e-01,1.892462327999877014e-01,1.892462327999877014e-01,1.892462327999877014e-01,1.892462327999877014e-01,1.892462327999877014e-01,1.949123838934433972e-01,1.956442514367634222e-01,1.956442514367634222e-01,1.956442514367634222e-01,1.956442514367634222e-01,1.956442514367634222e-01,1.922765680498142171e-01,1.894083894323099759e-01,1.894083894323099759e-01,1.943426729824456467e-01,1.900164469623578933e-01,1.933841303493070707e-01,1.983184138994427415e-01,1.983184138994427415e-01,2.032526974495784400e-01,2.032526974495784400e-01,2.089188485430341358e-01,2.089188485430341358e-01,2.006168816059492599e-01,1.984805705317650437e-01,1.977487029884450187e-01,1.977487029884450187e-01,1.977487029884450187e-01,1.928144194383093202e-01,1.977487029884450187e-01,1.977487029884450187e-01,1.977487029884450187e-01,1.970168354451249937e-01,1.970168354451249937e-01,2.003845188320741988e-01,2.003845188320741988e-01,2.003845188320741988e-01,2.003845188320741988e-01,2.003845188320741988e-01,2.003845188320741988e-01,2.003845188320741988e-01,2.003845188320741988e-01,1.933139242077542286e-01,1.947776592943942786e-01,1.947776592943942786e-01,1.947776592943942786e-01,1.947776592943942786e-01,1.947776592943942786e-01,2.030796262314791545e-01,2.030796262314791545e-01,1.997119428445299494e-01,1.997119428445299494e-01,1.947776592943942786e-01,1.947776592943942786e-01,1.947776592943942786e-01,1.947776592943942786e-01,1.932110591312077852e-01,1.916444589680212918e-01,1.973106100614769876e-01,2.006782934484261927e-01,2.006782934484261927e-01,2.006782934484261927e-01,1.957440098982904664e-01,1.950121423549704414e-01,1.942802748116504441e-01,1.950121423549704414e-01,2.006782934484261927e-01,2.006782934484261927e-01,1.973106100614769876e-01,1.965787425181569903e-01,1.965787425181569903e-01,1.999464259051061399e-01,1.999464259051061399e-01,1.999464259051061399e-01,2.006782934484261927e-01,1.999464259051061399e-01,1.999464259051061399e-01,1.999464259051061399e-01,1.999464259051061399e-01,1.978101148309219792e-01,1.978101148309219792e-01,1.928758312807862529e-01,1.962435146677354580e-01,1.962435146677354580e-01,1.941072035935512141e-01,1.941072035935512141e-01,1.941072035935512141e-01,1.919708925193669424e-01,1.919708925193669424e-01,1.919708925193669424e-01,1.919708925193669424e-01,1.919708925193669424e-01,1.919708925193669424e-01,1.919708925193669424e-01,1.927027600626869952e-01,1.955007325386384220e-01,1.955007325386384220e-01,1.905664489885027235e-01,1.905664489885027235e-01,1.862402229684150257e-01,1.828725395814658206e-01,1.828725395814658206e-01,1.779382560313301498e-01,1.779382560313301498e-01,1.779382560313301498e-01,1.779382560313301498e-01,1.722721049378743985e-01,1.722721049378743985e-01,1.689044215509252211e-01,1.689044215509252211e-01,1.667681104767410327e-01,1.800043609639615794e-01,1.800043609639615794e-01,1.800043609639615794e-01,1.800043609639615794e-01,1.800043609639615794e-01,1.784377608007750859e-01,1.784377608007750859e-01,1.833720443509107845e-01,1.833720443509107845e-01,1.883063279010464552e-01,1.883063279010464552e-01,1.916740112879956881e-01,1.966082948381313589e-01,1.966082948381313589e-01,2.015425783882670574e-01,2.049102617752162070e-01,2.098445453253518778e-01,2.049102617752162070e-01,2.049102617752162070e-01,2.049102617752162070e-01,2.041783942318961542e-01,2.041783942318961542e-01,2.041783942318961542e-01,1.992441106817604557e-01,2.034465266885761292e-01,1.985122431384404307e-01,1.985122431384404307e-01,1.985122431384404307e-01,1.886436760381690614e-01,1.886436760381690614e-01,1.886436760381690614e-01,1.886436760381690614e-01,1.920113594251182665e-01,1.920113594251182665e-01,1.920113594251182665e-01,1.969456429752539650e-01,1.976775105185739900e-01,1.984093780618940428e-01,1.984093780618940428e-01,1.984093780618940428e-01,1.891488684916705632e-01,1.857811851047214136e-01,1.857811851047214136e-01,1.948150195851263144e-01,1.948150195851263144e-01,1.914473361981771093e-01,1.914473361981771093e-01,1.865130526480414108e-01,1.865130526480414108e-01,1.906126035783106409e-01,1.906126035783106409e-01,1.906126035783106409e-01,1.906126035783106409e-01,1.906126035783106409e-01,1.851086091171771641e-01,1.807823830970894385e-01,1.841500664840386159e-01,1.820137554098543720e-01,1.820137554098543720e-01,1.770794718597187289e-01,1.770794718597187289e-01,1.804471552466678785e-01,1.747810041532121828e-01,1.698467206030764842e-01,1.698467206030764842e-01,1.649124370529408135e-01,1.682801204398899908e-01,1.682801204398899908e-01,1.682801204398899908e-01,1.682801204398899908e-01,1.716478038268391959e-01,1.706892611937006199e-01,1.670949027169328638e-01,1.670949027169328638e-01,1.670949027169328638e-01,1.670949027169328638e-01,1.678267702602528610e-01,1.678267702602528610e-01,1.628924867101171903e-01,1.727610538103885596e-01,1.727610538103885596e-01,1.678267702602528610e-01,1.644590868733036559e-01,1.693933704234393545e-01,1.693933704234393545e-01,1.743276539735750252e-01,1.743276539735750252e-01,1.792619375237107238e-01,1.792619375237107238e-01,1.792619375237107238e-01,1.792619375237107238e-01,1.792619375237107238e-01,1.792619375237107238e-01,1.792619375237107238e-01,1.792619375237107238e-01,1.792619375237107238e-01,1.792619375237107238e-01,1.792619375237107238e-01,1.792619375237107238e-01,1.792619375237107238e-01,1.826296209106599289e-01,1.903235303176969151e-01,1.958275247788303364e-01,1.958275247788303364e-01,1.958275247788303364e-01,1.958275247788303364e-01,1.958275247788303364e-01,1.966622573986968048e-01,1.950956572355103391e-01,1.950956572355103391e-01,1.950956572355103391e-01,1.984633406224595165e-01,1.984633406224595165e-01,1.984633406224595165e-01,1.963270295482752448e-01,1.963270295482752448e-01,2.012613130984109711e-01,2.012613130984109711e-01,2.111298801986822848e-01,2.111298801986822848e-01,2.111298801986822848e-01,2.111298801986822848e-01,2.111298801986822848e-01,2.061955966485466141e-01,2.095632800354958192e-01,2.095632800354958192e-01,2.088314124921757942e-01,2.095632800354958192e-01,2.095632800354958192e-01,2.095632800354958192e-01,2.095632800354958192e-01,2.095632800354958192e-01,2.095632800354958192e-01,2.095632800354958192e-01,2.129309634224449965e-01,2.136628309657650215e-01,2.136628309657650215e-01,2.102951475788158442e-01,2.136628309657650215e-01,2.136628309657650215e-01,2.136628309657650215e-01,2.136628309657650215e-01,2.102951475788158442e-01,2.102951475788158442e-01,2.136628309657650215e-01,2.122583874349008304e-01,2.122583874349008304e-01,2.115265198915808054e-01,2.156260708218500355e-01,2.156260708218500355e-01,2.212922219153057313e-01,2.212922219153057313e-01,2.212922219153057313e-01,2.212922219153057313e-01,2.212922219153057313e-01,2.262265054654414298e-01,2.262265054654414298e-01,2.262265054654414298e-01,2.262265054654414298e-01,2.262265054654414298e-01,2.228588220784922247e-01,2.228588220784922247e-01,2.145568551414073211e-01,2.145568551414073211e-01,2.179245385283565262e-01,2.179245385283565262e-01,2.179245385283565262e-01,2.212922219153057313e-01,2.212922219153057313e-01,2.240901943912571859e-01,2.240901943912571859e-01,2.339587614915285552e-01,2.339587614915285552e-01,2.318224504173442835e-01,2.318224504173442835e-01,2.284547670303951339e-01,2.284547670303951339e-01,2.284547670303951339e-01,2.284547670303951339e-01,2.318224504173442835e-01,2.296861393431600673e-01,2.304180068864800923e-01,2.304180068864800923e-01,2.304180068864800923e-01,2.353522904366157908e-01,2.353522904366157908e-01,2.319846070496666135e-01,2.319846070496666135e-01,2.319846070496666135e-01,2.252492402757682310e-01,2.252492402757682310e-01,2.203149567256325325e-01,2.153806731754968617e-01,2.153806731754968617e-01,2.153806731754968617e-01,2.153806731754968617e-01,2.110544471554090529e-01,2.110544471554090529e-01,2.110544471554090529e-01,2.117863146987290779e-01,2.167205982488647764e-01,2.133529148619155713e-01,2.216548817990004749e-01,2.265891653491361457e-01,2.265891653491361457e-01,2.265891653491361457e-01,2.315234488992718165e-01,2.265891653491361457e-01,2.265891653491361457e-01,2.265891653491361457e-01,2.190190659553713226e-01,2.197509334986913476e-01,2.259165893615919518e-01,2.160480222613205825e-01,2.160480222613205825e-01,2.160480222613205825e-01,2.160480222613205825e-01,2.194157056482697876e-01,2.194157056482697876e-01,2.150894796281820065e-01,2.150894796281820065e-01,2.168905628519446904e-01,2.101551960780463080e-01,2.184571630151312116e-01,2.366276970524874290e-01,2.316934135023517582e-01,2.316934135023517582e-01,2.316934135023517582e-01,2.316934135023517582e-01,2.316934135023517582e-01,2.316934135023517582e-01,2.249580467284533758e-01,2.249580467284533758e-01,2.249580467284533758e-01,2.234943116418133535e-01,2.268619950287625309e-01,2.268619950287625309e-01,2.268619950287625309e-01,2.268619950287625309e-01,2.247256839545782592e-01,2.247256839545782592e-01,2.353261185981697090e-01,2.353261185981697090e-01,2.353261185981697090e-01,2.311237025913540355e-01,2.261894190412183647e-01,2.261894190412183647e-01,2.261894190412183647e-01,2.261894190412183647e-01,2.261894190412183647e-01,2.261894190412183647e-01,2.261894190412183647e-01,2.261894190412183647e-01,2.295571024281675421e-01,2.295571024281675421e-01,2.246228188780318713e-01,2.295571024281675421e-01,2.295571024281675421e-01,2.295571024281675421e-01,2.295571024281675421e-01,2.378590693652523902e-01,2.378590693652523902e-01,2.378590693652523902e-01,2.378590693652523902e-01,2.357227582910681740e-01,2.357227582910681740e-01,2.390904416780173514e-01,2.390904416780173514e-01,2.357227582910681740e-01,2.349908907477481490e-01,2.300566071976124782e-01,2.266889238106632731e-01,2.266889238106632731e-01,2.316232073607989439e-01,2.316232073607989439e-01,2.323550749041189689e-01,2.323550749041189689e-01,2.365574909109346424e-01,2.365574909109346424e-01,2.365574909109346424e-01,2.365574909109346424e-01,2.316232073607989439e-01,2.316232073607989439e-01,2.316232073607989439e-01,2.316232073607989439e-01,2.282555239738497943e-01,2.282555239738497943e-01,2.282555239738497943e-01,2.248878405869005892e-01,2.241559730435805919e-01,2.241559730435805919e-01,2.241559730435805919e-01,2.241559730435805919e-01,2.241559730435805919e-01,2.241559730435805919e-01,2.207882896566313868e-01,2.207882896566313868e-01,2.215201571999514119e-01,2.215201571999514119e-01,2.215201571999514119e-01,2.292140666069883426e-01,2.292140666069883426e-01,2.242797830568526440e-01,2.276474664438018491e-01,2.276474664438018491e-01,2.193454995067169733e-01,2.159778161197678237e-01,2.152459485764477987e-01,2.152459485764477987e-01,2.152459485764477987e-01,2.152459485764477987e-01,2.152459485764477987e-01,2.118782651894985936e-01,2.126101327328186186e-01,2.118782651894985936e-01,2.118782651894985936e-01,2.168125487396342643e-01,2.168125487396342643e-01,2.201802321265834417e-01,2.180439210523991977e-01,2.229782046025348963e-01,2.229782046025348963e-01,2.196105212155856912e-01,2.196105212155856912e-01,2.196105212155856912e-01,2.196105212155856912e-01,2.196105212155856912e-01,2.196105212155856912e-01,2.196105212155856912e-01,2.146762376654500204e-01,2.097419541153143774e-01,2.097419541153143774e-01,2.131096375022635270e-01,2.180439210523991977e-01,2.180439210523991977e-01,2.137176950323114721e-01,2.170853784192606217e-01,2.170853784192606217e-01,2.178172459625807023e-01,2.156809348883964306e-01,2.144495625756314972e-01,2.132181902628665082e-01,2.147847904260530294e-01,2.147847904260530294e-01,2.126484793518688132e-01,2.126484793518688132e-01,2.077141958017331147e-01,2.077141958017331147e-01,2.077141958017331147e-01,2.077141958017331147e-01,2.043465124147839096e-01,2.043465124147839096e-01,2.043465124147839096e-01,2.043465124147839096e-01,1.911102619275633352e-01,1.911102619275633352e-01,1.911102619275633352e-01,1.911102619275633352e-01,1.911102619275633352e-01,1.939784405450676041e-01,1.939784405450676041e-01,1.947103080883876292e-01,2.008759639512883166e-01,2.016078314946083416e-01,2.016078314946083416e-01,2.016078314946083416e-01,2.008759639512883166e-01,2.016078314946083416e-01,1.982401481076591365e-01,2.065421150447440124e-01,2.031744316577948073e-01,2.031744316577948073e-01,2.031744316577948073e-01,2.031744316577948073e-01,2.039062992011148323e-01,2.072739825880640374e-01,2.039062992011148323e-01,2.088405827512505308e-01,2.067042716770662869e-01,2.017699881269305606e-01,1.984023047399813555e-01,1.984023047399813555e-01,1.984023047399813555e-01,1.984023047399813555e-01,2.017699881269305606e-01,2.017699881269305606e-01,2.017699881269305606e-01,2.017699881269305606e-01,1.984023047399813555e-01,1.984023047399813555e-01,2.025018556702505856e-01,2.025018556702505856e-01,2.032337232135706384e-01,1.998660398266214611e-01,1.872378468694488041e-01,1.872378468694488041e-01,1.872378468694488041e-01,1.872378468694488041e-01,1.872378468694488041e-01,1.872378468694488041e-01,1.872378468694488041e-01,1.872378468694488041e-01,1.838701634824996545e-01,1.838701634824996545e-01,1.838701634824996545e-01,1.838701634824996545e-01,1.838701634824996545e-01,1.805024800955504494e-01,1.746096539122761748e-01,1.746096539122761748e-01,1.746096539122761748e-01,1.746096539122761748e-01,1.746096539122761748e-01,1.746096539122761748e-01,1.746096539122761748e-01,1.779773372992253522e-01,1.779773372992253522e-01,1.813450206861745295e-01,1.813450206861745295e-01,1.764107371360388310e-01,1.797784205229880083e-01,1.797784205229880083e-01,1.797784205229880083e-01,1.797784205229880083e-01,1.847127040731237069e-01,1.813450206861745295e-01,1.813450206861745295e-01,1.813450206861745295e-01,1.813450206861745295e-01,1.862793042363102558e-01,1.779773372992253522e-01,1.751091586817210832e-01,1.751091586817210832e-01,1.701748751315853847e-01,1.701748751315853847e-01,1.701748751315853847e-01,1.701748751315853847e-01,1.735425585185345621e-01,1.728106909752145648e-01,1.728106909752145648e-01,1.678764074250788940e-01,1.712440908120280714e-01,1.678764074250788940e-01,1.619835812418046195e-01,1.598472701676203755e-01,1.598472701676203755e-01,1.598472701676203755e-01,1.598472701676203755e-01,1.647815537177560741e-01,1.647815537177560741e-01,1.647815537177560741e-01,1.647815537177560741e-01,1.655134212610760991e-01,1.614138703308068690e-01,1.647815537177560741e-01,1.647815537177560741e-01,1.730835206548409499e-01,1.730835206548409499e-01,1.681492371047052792e-01,1.632149535545695807e-01,1.665826369415187580e-01,1.673145044848388108e-01,1.673145044848388108e-01,1.665826369415187580e-01,1.658507693981987330e-01,1.658507693981987330e-01,1.601846183047430372e-01,1.601846183047430372e-01,1.601846183047430372e-01,1.575488024611138849e-01,1.575488024611138849e-01,1.582806700044339099e-01,1.582806700044339099e-01,1.539544439843461288e-01,1.490201604342104302e-01,1.440858768840747595e-01,1.474535602710239368e-01,1.474535602710239368e-01,1.474535602710239368e-01,1.474535602710239368e-01,1.474535602710239368e-01,1.474535602710239368e-01,1.474535602710239368e-01,1.523878438211596076e-01,1.523878438211596076e-01,1.523878438211596076e-01,1.502515327469753914e-01,1.502515327469753914e-01,1.468838493600262141e-01,1.468838493600262141e-01,1.468838493600262141e-01,1.502515327469753914e-01,1.502515327469753914e-01,1.502515327469753914e-01,1.551858162971110899e-01,1.518181329101619126e-01,1.533847330733483505e-01,1.533847330733483505e-01,1.533847330733483505e-01,1.533847330733483505e-01,1.567524164602975834e-01,1.574842840036175806e-01,1.507489172297191982e-01,1.458146336795834996e-01,1.408803501294478289e-01,1.458146336795834996e-01,1.458146336795834996e-01,1.458146336795834996e-01,1.424469502926343223e-01,1.473812338427700208e-01,1.473812338427700208e-01,1.473812338427700208e-01,1.473812338427700208e-01,1.473812338427700208e-01,1.473812338427700208e-01,1.495175449169542370e-01,1.544518284670899633e-01,1.544518284670899633e-01,1.578195118540391406e-01,1.578195118540391406e-01,1.611871952409883180e-01,1.611871952409883180e-01,1.661214787911239887e-01,1.759900458913953858e-01,1.800895968216646159e-01,1.793577292783445909e-01,1.793577292783445909e-01,1.827254126652937682e-01,1.827254126652937682e-01,1.834572802086137933e-01,1.841891477519338183e-01,1.841891477519338183e-01,1.841891477519338183e-01,1.841891477519338183e-01,1.855935912827980094e-01,1.855935912827980094e-01,1.813911752759823359e-01,1.813911752759823359e-01,1.813911752759823359e-01,1.835274863501666076e-01,1.835274863501666076e-01,1.813911752759823359e-01,1.798629217318460372e-01,1.798629217318460372e-01,1.798629217318460372e-01,1.798629217318460372e-01,1.791310541885260676e-01,1.783991866452060426e-01,1.700972197081211112e-01,1.700972197081211112e-01,1.734649030950703164e-01,1.734649030950703164e-01,1.700972197081211112e-01,1.667295363211719339e-01,1.667295363211719339e-01,1.640937204775427538e-01,1.584275693840870580e-01,1.576957018407670053e-01,1.598320129149512492e-01,1.598320129149512492e-01,1.564643295280020441e-01,1.564643295280020441e-01,1.564643295280020441e-01,1.591001453716311964e-01,1.591001453716311964e-01,1.541658618214955256e-01,1.575335452084447030e-01,1.575335452084447030e-01,1.482730356382212511e-01,1.482730356382212511e-01,1.475411680949012538e-01,1.468093005515812288e-01,1.418750170014455581e-01,1.376726009946298845e-01,1.376726009946298845e-01,1.369407334513098595e-01,1.369407334513098595e-01,1.369407334513098595e-01,1.369407334513098595e-01,1.369407334513098595e-01,1.468093005515812288e-01,1.468093005515812288e-01,1.489456116257654728e-01,1.440113280756298020e-01,1.418750170014455581e-01,1.475411680949012538e-01,1.454048570207170377e-01,1.461367245640370349e-01,1.461367245640370349e-01,1.412024410139013642e-01,1.340080363763093141e-01,1.340080363763093141e-01,1.373757197632585192e-01,1.423100033133941900e-01,1.423100033133941900e-01,1.423100033133941900e-01,1.401736922392099738e-01,1.368060088522607687e-01,1.410084248590764422e-01,1.443761082460256473e-01,1.514467028703455620e-01,1.514467028703455620e-01,1.555462538006147644e-01,1.555462538006147644e-01,1.548143862572947393e-01,1.548143862572947393e-01,1.548143862572947393e-01,1.548143862572947393e-01,1.514467028703455620e-01,1.514467028703455620e-01,1.514467028703455620e-01,1.514467028703455620e-01,1.514467028703455620e-01,1.514467028703455620e-01,1.535830139445298059e-01,1.535830139445298059e-01,1.535830139445298059e-01,1.452810470074449023e-01,1.452810470074449023e-01,1.419133636204957249e-01,1.419133636204957249e-01,1.419133636204957249e-01,1.419133636204957249e-01,1.392775477768665726e-01,1.408441479400530383e-01,1.396127756272880771e-01,1.396127756272880771e-01,1.362450922403388720e-01,1.313108086902032012e-01,1.346784920771524063e-01,1.346784920771524063e-01,1.354103596204724314e-01,1.354103596204724314e-01,1.403446431706081021e-01,1.403446431706081021e-01,1.403446431706081021e-01,1.292830503766219663e-01,1.243487668264862817e-01,1.209810834395371043e-01,1.259153669896727612e-01,1.259153669896727612e-01,1.266472345329927862e-01,1.266472345329927862e-01,1.266472345329927862e-01,1.266472345329927862e-01,1.266472345329927862e-01,1.217129509828571293e-01,1.217129509828571293e-01,1.217129509828571293e-01,1.209810834395371043e-01,1.209810834395371043e-01,1.209810834395371043e-01,1.188447723653528604e-01,1.188447723653528604e-01
9.136823944401260399e-04,-3.412543625647660069e-03,-7.738769645735446394e-03,-7.738769645735446394e-03,-7.738769645735446394e-03,-7.738769645735446394e-03,-1.206499566582323185e-02,-1.206499566582323185e-02,-1.639122168591101991e-02,-1.639122168591101991e-02,-1.639122168591101991e-02,-1.639122168591101991e-02,-1.639122168591101991e-02,-1.639122168591101991e-02,-1.565935414259097408e-02,-1.565935414259097408e-02,-1.492748659927092998e-02,-1.492748659927092998e-02,-1.492748659927092998e-02,-1.492748659927092998e-02,-1.492748659927092998e-02,-9.261335505815189093e-03,-9.261335505815189093e-03,-9.261335505815189093e-03,-9.261335505815189093e-03,-9.261335505815189093e-03,-9.261335505815189093e-03,-9.261335505815189093e-03,-6.463363029863738833e-03,-6.463363029863738833e-03,-6.463363029863738833e-03,-1.078958904995152429e-02,-1.078958904995152429e-02,-7.421905663002338269e-03,-2.487622112866667932e-03,-2.487622112866667932e-03,-2.487622112866667932e-03,2.446661437269002839e-03,3.178528980589047804e-03,4.642264067229110412e-03,4.642264067229110412e-03,4.642264067229110412e-03,5.374131610549155377e-03,1.030841516068487819e-02,1.030841516068487819e-02,1.524269871082053508e-02,1.310638763663630156e-02,1.310638763663630156e-02,1.310638763663630156e-02,1.214784500349768738e-02,1.214784500349768738e-02,1.214784500349768738e-02,1.275590253354559958e-02,1.275590253354559958e-02,1.275590253354559958e-02,1.275590253354559958e-02,1.179735990040700101e-02,1.252922744372703123e-02,1.326109498704706319e-02,1.326109498704706319e-02,1.326109498704706319e-02,1.326109498704706319e-02,1.326109498704706319e-02,1.819537853718278600e-02,9.542926497007213349e-03,5.216700476919427024e-03,5.216700476919427024e-03,5.216700476919427024e-03,8.904744568316531666e-04,-3.435751563256133050e-03,1.498531986879537720e-03,1.498531986879537720e-03,4.866215373828698156e-03,9.800498923964394080e-03,8.272245379828084902e-03,8.272245379828084902e-03,1.259847139991587123e-02,8.272245379828084902e-03,8.272245379828084902e-03,6.135934305643864391e-03,6.135934305643864391e-03,6.135934305643864391e-03,6.135934305643864391e-03,9.503617692593025260e-03,1.023548523591305548e-02,9.276942602774469054e-03,1.000881014609451315e-02,1.000881014609451315e-02,1.494309369623021168e-02,1.494309369623021168e-02,1.061686767614242535e-02,1.061686767614242535e-02,1.398455106309158535e-02,1.398455106309158535e-02,1.039019258632382925e-02,1.532447613645952778e-02,1.173011765969178555e-02,1.173011765969178555e-02,1.173011765969178555e-02,1.605634367977955973e-02,2.099062722991523050e-02,1.666440120982745632e-02,1.666440120982745632e-02,1.666440120982745632e-02,1.666440120982745632e-02,1.233817518973966999e-02,1.233817518973966999e-02,1.233817518973966999e-02,1.367810026310761068e-02,1.367810026310761068e-02,1.367810026310761068e-02,1.294623271978758046e-02,1.788051626992327725e-02,1.788051626992327725e-02,1.861238381324330574e-02,2.354666736337900426e-02,2.860476092678682775e-02,2.860476092678682775e-02,2.860476092678682775e-02,2.427853490669903969e-02,1.995230888661126897e-02,1.995230888661126897e-02,1.995230888661126897e-02,2.068417642993130093e-02,1.635795040984351634e-02,1.635795040984351634e-02,1.635795040984351634e-02,1.635795040984351634e-02,1.203172438975572828e-02,1.696600793989142680e-02,1.696600793989142680e-02,1.696600793989142680e-02,1.539940777670491430e-02,1.876709116365407604e-02,1.876709116365407604e-02,1.876709116365407604e-02,1.444086514356629665e-02,1.444086514356629665e-02,1.444086514356629665e-02,1.578079021693424774e-02,2.010701623702202887e-02,1.797070516283778494e-02,1.797070516283778494e-02,1.797070516283778494e-02,2.229693118292556259e-02,1.797070516283778494e-02,1.797070516283778494e-02,1.797070516283778494e-02,1.364447914275000555e-02,9.318253122662217489e-03,9.318253122662217489e-03,9.318253122662217489e-03,9.318253122662217489e-03,9.318253122662217489e-03,1.195406896629134033e-02,7.627842946203560945e-03,6.895975402883529858e-03,6.895975402883529858e-03,6.895975402883529858e-03,2.569749382795750037e-03,-2.364534167339946320e-03,-1.756476637292036288e-03,-1.756476637292036288e-03,-1.756476637292036288e-03,-6.082702657379816108e-03,-6.814570200699850665e-03,-1.880286650564154307e-03,-1.880286650564154307e-03,-1.148419107244119533e-03,-1.148419107244119533e-03,-5.474645127331903040e-03,-5.474645127331903040e-03,-5.474645127331903040e-03,-4.742777584011871085e-03,-4.742777584011871085e-03,-4.742777584011871085e-03,-4.742777584011871085e-03,1.915059661238254895e-04,3.559189353072987876e-03,8.493472903208683367e-03,8.493472903208683367e-03,8.493472903208683367e-03,8.493472903208683367e-03,8.493472903208683367e-03,9.225340446528718791e-03,9.225340446528718791e-03,9.957207989848752480e-03,1.562335908330448470e-02,1.635522662662451665e-02,1.994958510339226582e-02,1.994958510339226582e-02,1.994958510339226582e-02,1.994958510339226582e-02,1.994958510339226582e-02,1.562335908330448470e-02,1.562335908330448470e-02,1.994958510339226582e-02,1.994958510339226582e-02,1.994958510339226582e-02,1.994958510339226582e-02,2.427581112348004347e-02,2.427581112348004347e-02,2.921009467361574199e-02,2.921009467361574199e-02,2.921009467361574199e-02,2.921009467361574199e-02,2.921009467361574199e-02,2.994196221693577395e-02,2.994196221693577395e-02,2.994196221693577395e-02,2.994196221693577395e-02,2.994196221693577395e-02,2.994196221693577395e-02,2.994196221693577395e-02,3.426818823702355854e-02,3.426818823702355854e-02,2.561573619684799630e-02,3.055001974698369482e-02,3.055001974698369482e-02,3.055001974698369482e-02,2.981815220366365593e-02,2.571860127339446744e-02,2.571860127339446744e-02,2.571860127339446744e-02,2.235091788644527622e-02,1.662024833549330741e-02,1.735211587881334283e-02,2.167834189890112048e-02,2.167834189890112048e-02,2.600456791898890507e-02,2.263688453203974160e-02,2.263688453203974160e-02,2.263688453203974160e-02,2.336875207535977703e-02,2.336875207535977703e-02,2.336875207535977703e-02,2.336875207535977703e-02,2.336875207535977703e-02,2.336875207535977703e-02,2.336875207535977703e-02,2.397680960540769443e-02,2.891109315554338949e-02,2.891109315554338949e-02,2.891109315554338949e-02,2.891109315554338949e-02,2.891109315554338949e-02,2.817922561222335406e-02,2.661262544903681901e-02,2.661262544903681901e-02,2.228639942894903789e-02,2.015008835476479049e-02,2.088195589808482244e-02,1.655572987799704132e-02,1.655572987799704132e-02,1.222950385790926020e-02,1.222950385790926020e-02,1.283756138795717414e-02,1.283756138795717414e-02,1.643191986472491983e-02,1.979960325167407983e-02,1.486531970153838478e-02,1.486531970153838478e-02,1.486531970153838478e-02,1.919154572162616937e-02,1.486531970153838478e-02,1.486531970153838478e-02,1.486531970153838478e-02,9.931036151402715742e-03,9.931036151402715742e-03,1.066290369472275117e-02,1.066290369472275117e-02,1.066290369472275117e-02,1.066290369472275117e-02,1.066290369472275117e-02,1.066290369472275117e-02,1.066290369472275117e-02,1.066290369472275117e-02,1.835681310175969402e-02,2.822538020203105985e-02,2.822538020203105985e-02,2.822538020203105985e-02,2.822538020203105985e-02,2.822538020203105985e-02,2.463102172526331068e-02,2.463102172526331068e-02,2.389915418194327873e-02,2.389915418194327873e-02,2.822538020203105985e-02,2.822538020203105985e-02,2.822538020203105985e-02,2.822538020203105985e-02,3.328347376543887293e-02,3.834156732884669294e-02,3.894962485889461035e-02,3.968149240221464230e-02,3.968149240221464230e-02,3.968149240221464230e-02,4.400771842230242342e-02,3.907343487216672490e-02,3.413915132203102637e-02,3.907343487216672490e-02,3.968149240221464230e-02,3.968149240221464230e-02,3.894962485889461035e-02,3.401534130875891876e-02,3.401534130875891876e-02,3.474720885207894377e-02,3.474720885207894377e-02,3.474720885207894377e-02,3.968149240221464230e-02,3.474720885207894377e-02,3.474720885207894377e-02,3.474720885207894377e-02,3.474720885207894377e-02,3.811489223902813500e-02,3.811489223902813500e-02,4.244111825911591612e-02,4.317298580243595502e-02,4.317298580243595502e-02,4.654066918938511155e-02,4.654066918938511155e-02,4.654066918938511155e-02,4.990835257633428890e-02,4.990835257633428890e-02,4.990835257633428890e-02,4.990835257633428890e-02,4.990835257633428890e-02,4.990835257633428890e-02,4.990835257633428890e-02,5.484263612646996661e-02,5.388409349333134202e-02,5.388409349333134202e-02,5.821031951341911620e-02,5.821031951341911620e-02,5.607400843923490696e-02,5.534214089591487501e-02,5.534214089591487501e-02,5.966836691600264919e-02,5.966836691600264919e-02,5.966836691600264919e-02,5.966836691600264919e-02,5.906030938595475260e-02,5.906030938595475260e-02,5.832844184263472759e-02,5.832844184263472759e-02,6.169612522958389106e-02,5.377554073272836771e-02,5.377554073272836771e-02,5.377554073272836771e-02,5.377554073272836771e-02,5.377554073272836771e-02,5.883363429613617385e-02,5.883363429613617385e-02,5.450740827604839273e-02,5.450740827604839273e-02,5.018118225596061160e-02,5.018118225596061160e-02,5.091304979928065050e-02,4.658682377919286938e-02,4.658682377919286938e-02,4.226059775910508826e-02,4.299246530242512021e-02,3.866623928233733215e-02,4.299246530242512021e-02,4.299246530242512021e-02,4.299246530242512021e-02,3.805818175228942168e-02,3.805818175228942168e-02,3.805818175228942168e-02,4.238440777237720281e-02,3.312389820215372316e-02,3.745012422224150428e-02,3.745012422224150428e-02,3.745012422224150428e-02,4.610257626241707346e-02,4.610257626241707346e-02,4.610257626241707346e-02,4.610257626241707346e-02,4.683444380573709848e-02,4.683444380573709848e-02,4.683444380573709848e-02,4.250821778564932429e-02,4.744250133578502976e-02,5.237678488592072135e-02,5.237678488592072135e-02,5.237678488592072135e-02,5.456669983182428629e-02,5.383483228850424046e-02,5.383483228850424046e-02,5.517475736187219676e-02,5.517475736187219676e-02,5.444288981855215093e-02,5.444288981855215093e-02,5.876911583863994593e-02,5.876911583863994593e-02,6.443526693209566947e-02,6.443526693209566947e-02,6.443526693209566947e-02,6.443526693209566947e-02,6.443526693209566947e-02,6.707108277572478017e-02,6.493477170154053624e-02,6.566663924486058901e-02,6.903432263180973860e-02,6.903432263180973860e-02,7.336054865189751972e-02,7.336054865189751972e-02,7.409241619521755862e-02,7.348435866516965509e-02,7.781058468525742233e-02,7.781058468525742233e-02,8.213681070534521733e-02,8.286867824866524235e-02,8.286867824866524235e-02,8.286867824866524235e-02,8.286867824866524235e-02,8.360054579198526736e-02,8.219610226112110396e-02,8.499407473707254468e-02,8.499407473707254468e-02,8.499407473707254468e-02,8.499407473707254468e-02,8.992835828720824320e-02,8.992835828720824320e-02,9.425458430729603820e-02,8.560213226712046208e-02,8.560213226712046208e-02,8.992835828720824320e-02,8.919649074388820431e-02,8.487026472380042319e-02,8.487026472380042319e-02,8.054403870371265595e-02,8.054403870371265595e-02,7.621781268362486095e-02,7.621781268362486095e-02,7.621781268362486095e-02,7.621781268362486095e-02,7.621781268362486095e-02,7.621781268362486095e-02,7.621781268362486095e-02,7.621781268362486095e-02,7.621781268362486095e-02,7.621781268362486095e-02,7.621781268362486095e-02,7.621781268362486095e-02,7.621781268362486095e-02,7.694968022694488596e-02,7.981785884444918266e-02,7.718204300082004421e-02,7.718204300082004421e-02,7.718204300082004421e-02,7.718204300082004421e-02,7.718204300082004421e-02,6.718966588727652567e-02,7.224775945068433181e-02,7.224775945068433181e-02,7.224775945068433181e-02,7.297962699400437070e-02,7.297962699400437070e-02,7.297962699400437070e-02,7.634731038095353417e-02,7.634731038095353417e-02,7.202108436086575305e-02,7.202108436086575305e-02,6.336863232069020468e-02,6.336863232069020468e-02,6.336863232069020468e-02,6.336863232069020468e-02,6.336863232069020468e-02,6.769485834077798581e-02,6.842672588409801082e-02,6.842672588409801082e-02,6.349244233396231230e-02,6.842672588409801082e-02,6.842672588409801082e-02,6.842672588409801082e-02,6.842672588409801082e-02,6.842672588409801082e-02,6.842672588409801082e-02,6.842672588409801082e-02,6.915859342741804971e-02,7.409287697755374824e-02,7.409287697755374824e-02,7.336100943423370935e-02,7.409287697755374824e-02,7.409287697755374824e-02,7.409287697755374824e-02,7.409287697755374824e-02,7.336100943423370935e-02,7.336100943423370935e-02,7.409287697755374824e-02,8.239484391463859636e-02,8.239484391463859636e-02,7.746056036450292559e-02,8.312671145795863525e-02,8.312671145795863525e-02,8.373476898800655266e-02,8.373476898800655266e-02,8.373476898800656654e-02,8.373476898800656654e-02,8.373476898800655266e-02,7.940854296791877154e-02,7.940854296791877154e-02,7.940854296791877154e-02,7.940854296791877154e-02,7.940854296791877154e-02,7.867667542459871877e-02,7.867667542459871877e-02,8.227103390136647487e-02,8.227103390136647487e-02,8.300290144468651377e-02,8.300290144468651377e-02,8.300290144468651377e-02,8.373476898800655266e-02,8.373476898800655266e-02,8.277622635486794889e-02,8.277622635486794889e-02,7.412377431469238664e-02,7.412377431469238664e-02,7.749145770164153624e-02,7.749145770164153624e-02,7.675959015832149734e-02,7.675959015832149734e-02,7.675959015832149734e-02,7.675959015832149734e-02,7.749145770164153624e-02,8.085914108859071359e-02,8.579342463872642599e-02,8.579342463872642599e-02,8.579342463872642599e-02,8.146719861863863099e-02,8.146719861863863099e-02,8.073533107531857822e-02,8.073533107531857822e-02,8.073533107531857822e-02,7.927159598867851431e-02,7.927159598867851431e-02,8.359782200876629543e-02,8.792404802885409043e-02,8.792404802885409043e-02,8.792404802885409043e-02,8.792404802885409043e-02,8.578773695466984650e-02,8.578773695466984650e-02,8.578773695466984650e-02,9.072202050480554503e-02,8.639579448471776391e-02,8.566392694139772501e-02,8.206956846462996891e-02,7.774334244454220166e-02,7.774334244454220166e-02,7.774334244454220166e-02,7.341711642445440666e-02,7.774334244454220166e-02,7.774334244454220166e-02,7.774334244454220166e-02,8.627198447144562854e-02,9.120626802158131319e-02,9.097959293176276219e-02,9.963204497193829667e-02,9.963204497193829667e-02,9.963204497193829667e-02,9.963204497193829667e-02,1.003639125152583494e-01,1.003639125152583494e-01,9.822760144107413327e-02,9.822760144107413327e-02,1.040175625478019783e-01,1.025538274611619005e-01,9.895946898439415829e-02,8.671265846745085382e-02,9.103888448753863494e-02,9.103888448753863494e-02,9.103888448753863494e-02,9.103888448753863494e-02,9.103888448753863494e-02,9.103888448753863494e-02,8.957514940089855715e-02,8.957514940089855715e-02,8.957514940089855715e-02,7.970658230062716010e-02,8.043844984394719899e-02,8.043844984394719899e-02,8.043844984394719899e-02,8.043844984394719899e-02,8.380613323089634858e-02,8.380613323089634858e-02,8.008796474085649875e-02,8.008796474085649875e-02,8.008796474085649875e-02,8.934847431107996452e-02,9.367470033116775951e-02,9.367470033116775951e-02,9.367470033116775951e-02,9.367470033116775951e-02,9.367470033116775951e-02,9.367470033116775951e-02,9.367470033116775951e-02,9.367470033116775951e-02,9.440656787448781229e-02,9.440656787448781229e-02,9.873279389457557953e-02,9.440656787448781229e-02,9.440656787448781229e-02,9.440656787448781229e-02,9.440656787448781229e-02,9.081220939772004230e-02,9.081220939772004230e-02,9.081220939772004230e-02,9.081220939772004230e-02,9.417989278466920577e-02,9.417989278466920577e-02,9.491176032798924467e-02,9.491176032798924467e-02,9.417989278466920577e-02,8.924560923453350725e-02,9.357183525462130225e-02,9.283996771130126335e-02,9.283996771130126335e-02,8.851374169121348223e-02,8.851374169121348223e-02,9.344802524134918076e-02,9.344802524134918076e-02,8.418751567112568723e-02,8.418751567112568723e-02,8.418751567112568723e-02,8.418751567112568723e-02,8.851374169121348223e-02,8.851374169121348223e-02,8.851374169121348223e-02,8.851374169121348223e-02,8.778187414789342946e-02,8.778187414789342946e-02,8.778187414789342946e-02,8.705000660457340445e-02,8.211572305443771980e-02,8.211572305443771980e-02,8.211572305443771980e-02,8.211572305443771980e-02,8.211572305443771980e-02,8.211572305443771980e-02,8.138385551111769478e-02,8.138385551111769478e-02,8.631813906125337943e-02,8.631813906125337943e-02,8.631813906125337943e-02,8.918631767875762062e-02,8.918631767875762062e-02,9.351254369884541562e-02,9.424441124216544063e-02,9.424441124216544063e-02,9.783876971893318286e-02,9.710690217561314397e-02,9.217261862547745932e-02,9.217261862547745932e-02,9.217261862547745932e-02,9.217261862547745932e-02,9.217261862547745932e-02,9.144075108215743430e-02,9.637503463229311895e-02,9.144075108215743430e-02,9.144075108215743430e-02,8.711452506206965318e-02,8.711452506206965318e-02,8.784639260538967820e-02,9.121407599233886943e-02,8.688784997225107443e-02,8.688784997225107443e-02,8.615598242893104941e-02,8.615598242893104941e-02,8.615598242893104941e-02,8.615598242893104941e-02,8.615598242893104941e-02,8.615598242893104941e-02,8.615598242893104941e-02,9.048220844901884441e-02,9.480843446910661165e-02,9.480843446910661165e-02,9.554030201242663667e-02,9.121407599233886943e-02,9.121407599233886943e-02,8.907776491815465325e-02,8.980963246147467827e-02,8.980963246147467827e-02,9.474391601161036292e-02,9.811159939855952639e-02,9.401204846829033790e-02,8.991249753802112166e-02,8.485440397461330164e-02,8.485440397461330164e-02,8.822208736156249287e-02,8.822208736156249287e-02,9.254831338165026011e-02,9.254831338165026011e-02,9.254831338165026011e-02,9.254831338165026011e-02,9.181644583833020734e-02,9.181644583833020734e-02,9.181644583833020734e-02,9.181644583833020734e-02,9.973703033518574457e-02,9.973703033518574457e-02,9.973703033518574457e-02,9.973703033518574457e-02,9.973703033518574457e-02,1.013036304983722657e-01,1.013036304983722657e-01,1.062379140485079643e-01,1.060112389586893994e-01,1.109455225088250840e-01,1.109455225088250840e-01,1.109455225088250840e-01,1.060112389586893994e-01,1.109455225088250840e-01,1.102136549655050313e-01,1.066192964887373029e-01,1.058874289454172640e-01,1.058874289454172640e-01,1.058874289454172640e-01,1.058874289454172640e-01,1.108217124955529764e-01,1.115535800388729876e-01,1.108217124955529764e-01,1.064954864754651953e-01,1.098631698624143727e-01,1.141893958825021677e-01,1.134575283391821149e-01,1.134575283391821149e-01,1.134575283391821149e-01,1.134575283391821149e-01,1.141893958825021677e-01,1.141893958825021677e-01,1.141893958825021677e-01,1.141893958825021677e-01,1.134575283391821149e-01,1.134575283391821149e-01,1.191236794326378107e-01,1.191236794326378107e-01,1.240579629827735231e-01,1.233260954394534703e-01,1.247841428420369964e-01,1.247841428420369964e-01,1.247841428420369964e-01,1.247841428420369964e-01,1.247841428420369964e-01,1.247841428420369964e-01,1.247841428420369964e-01,1.247841428420369964e-01,1.240522752987169713e-01,1.240522752987169713e-01,1.240522752987169713e-01,1.240522752987169713e-01,1.240522752987169713e-01,1.233204077553969324e-01,1.262421902446205224e-01,1.262421902446205224e-01,1.262421902446205224e-01,1.262421902446205224e-01,1.262421902446205224e-01,1.262421902446205224e-01,1.262421902446205224e-01,1.269740577879405197e-01,1.269740577879405197e-01,1.277059253312605724e-01,1.277059253312605724e-01,1.320321513513483813e-01,1.327640188946684063e-01,1.327640188946684063e-01,1.327640188946684063e-01,1.327640188946684063e-01,1.284377928745806252e-01,1.277059253312605724e-01,1.277059253312605724e-01,1.277059253312605724e-01,1.277059253312605724e-01,1.233796993111727913e-01,1.269740577879405197e-01,1.254074576247540262e-01,1.254074576247540262e-01,1.297336836448418074e-01,1.297336836448418074e-01,1.297336836448418074e-01,1.297336836448418074e-01,1.304655511881618601e-01,1.255312676380261616e-01,1.255312676380261616e-01,1.298574936581139427e-01,1.305893612014339955e-01,1.298574936581139427e-01,1.327792761473375605e-01,1.361469595342866823e-01,1.361469595342866823e-01,1.361469595342866823e-01,1.361469595342866823e-01,1.318207335141989289e-01,1.318207335141989289e-01,1.318207335141989289e-01,1.318207335141989289e-01,1.367550170643346275e-01,1.310888659708788762e-01,1.318207335141989289e-01,1.318207335141989289e-01,1.282263750374311728e-01,1.282263750374311728e-01,1.325526010575189539e-01,1.368788270776067073e-01,1.376106946209267878e-01,1.425449781710624586e-01,1.425449781710624586e-01,1.376106946209267878e-01,1.326764110707910616e-01,1.326764110707910616e-01,1.320683535407431441e-01,1.320683535407431441e-01,1.320683535407431441e-01,1.362707695475587899e-01,1.362707695475587899e-01,1.412050530976944884e-01,1.412050530976944884e-01,1.390687420235102723e-01,1.433949680435980534e-01,1.477211940636858623e-01,1.484530616070058873e-01,1.484530616070058873e-01,1.484530616070058873e-01,1.484530616070058873e-01,1.484530616070058873e-01,1.484530616070058873e-01,1.484530616070058873e-01,1.441268355869181061e-01,1.441268355869181061e-01,1.441268355869181061e-01,1.474945189738672835e-01,1.474945189738672835e-01,1.467626514305472307e-01,1.467626514305472307e-01,1.467626514305472307e-01,1.474945189738672835e-01,1.474945189738672835e-01,1.474945189738672835e-01,1.431682929537794746e-01,1.424364254104594218e-01,1.373783318470516435e-01,1.373783318470516435e-01,1.373783318470516435e-01,1.373783318470516435e-01,1.381101993903716407e-01,1.430444829405073670e-01,1.415807478538672892e-01,1.459069738739550703e-01,1.502331998940428515e-01,1.459069738739550703e-01,1.459069738739550703e-01,1.459069738739550703e-01,1.451751063306350176e-01,1.408488803105472642e-01,1.408488803105472642e-01,1.408488803105472642e-01,1.408488803105472642e-01,1.408488803105472642e-01,1.408488803105472642e-01,1.374811969235980869e-01,1.331549709035103335e-01,1.331549709035103335e-01,1.338868384468303585e-01,1.338868384468303585e-01,1.346187059901504113e-01,1.346187059901504113e-01,1.302924799700626302e-01,1.216400279298870402e-01,1.273061790233427637e-01,1.223718954732070652e-01,1.223718954732070652e-01,1.231037630165271179e-01,1.231037630165271179e-01,1.280380465666627887e-01,1.329723301167985150e-01,1.329723301167985150e-01,1.329723301167985150e-01,1.329723301167985150e-01,1.246703631797136530e-01,1.246703631797136530e-01,1.339308727499371188e-01,1.339308727499371188e-01,1.339308727499371188e-01,1.305631893629879414e-01,1.305631893629879414e-01,1.339308727499371188e-01,1.308360190426142711e-01,1.308360190426142711e-01,1.308360190426142711e-01,1.308360190426142711e-01,1.259017354924785725e-01,1.209674519423428601e-01,1.245618104191106024e-01,1.245618104191106024e-01,1.252936779624306551e-01,1.252936779624306551e-01,1.245618104191106024e-01,1.238299428757905912e-01,1.238299428757905912e-01,1.280323588826062231e-01,1.274243013525583335e-01,1.224900178024226349e-01,1.191223344154734715e-01,1.191223344154734715e-01,1.183904668721534187e-01,1.183904668721534187e-01,1.183904668721534187e-01,1.141880508653377868e-01,1.141880508653377868e-01,1.185142768854255541e-01,1.192461444287455791e-01,1.192461444287455791e-01,1.214360593746491301e-01,1.214360593746491301e-01,1.165017758245134455e-01,1.115674922743777470e-01,1.158937182944655420e-01,1.251542278646890216e-01,1.251542278646890216e-01,1.202199443145533370e-01,1.202199443145533370e-01,1.202199443145533370e-01,1.202199443145533370e-01,1.202199443145533370e-01,1.115674922743777470e-01,1.115674922743777470e-01,1.081998088874285974e-01,1.125260349075163785e-01,1.158937182944655420e-01,1.165017758245134455e-01,1.198694592114625951e-01,1.248037427615983075e-01,1.248037427615983075e-01,1.291299687816860886e-01,1.254270575443152957e-01,1.254270575443152957e-01,1.261589250876353485e-01,1.218326990675475813e-01,1.218326990675475813e-01,1.218326990675475813e-01,1.252003824544967725e-01,1.244685149111767197e-01,1.152080053409532262e-01,1.159398728842732651e-01,1.082459634772363066e-01,1.082459634772363066e-01,1.139121145706920579e-01,1.139121145706920579e-01,1.089778310205563594e-01,1.089778310205563594e-01,1.089778310205563594e-01,1.089778310205563594e-01,1.082459634772363066e-01,1.082459634772363066e-01,1.082459634772363066e-01,1.082459634772363066e-01,1.082459634772363066e-01,1.082459634772363066e-01,1.048782800902871570e-01,1.048782800902871570e-01,1.048782800902871570e-01,1.084726385670548854e-01,1.084726385670548854e-01,1.077407710237348604e-01,1.077407710237348604e-01,1.077407710237348604e-01,1.077407710237348604e-01,1.119431870305505200e-01,1.068850934671427139e-01,1.027855425368735115e-01,1.027855425368735115e-01,1.020536749935534726e-01,1.063799010136412398e-01,1.071117685569612926e-01,1.071117685569612926e-01,1.120460521070969911e-01,1.120460521070969911e-01,1.077198260870092239e-01,1.077198260870092239e-01,1.077198260870092239e-01,1.041197799261849022e-01,1.084460059462726833e-01,1.077141384029526583e-01,1.033879123828648772e-01,1.033879123828648772e-01,1.083221959330005757e-01,1.083221959330005757e-01,1.083221959330005757e-01,1.083221959330005757e-01,1.083221959330005757e-01,1.126484219530883568e-01,1.126484219530883568e-01,1.126484219530883568e-01,1.077141384029526583e-01,1.077141384029526583e-01,1.077141384029526583e-01,1.110818217899018356e-01,1.110818217899018356e-01
9.136823944378265555e-04,4.281365781387025914e-03,7.649049168336212803e-03,7.649049168336212803e-03,7.649049168336212803e-03,7.649049168336212803e-03,1.101673255528540056e-02,1.101673255528540056e-02,1.438441594223458658e-02,1.438441594223458658e-02,1.438441594223458658e-02,1.438441594223458658e-02,1.438441594223458658e-02,1.438441594223458658e-02,1.005818992214683842e-02,1.005818992214683842e-02,5.731963902059078117e-03,5.731963902059078117e-03,5.731963902059078117e-03,5.731963902059078117e-03,5.731963902059078117e-03,-7.305731922129025903e-04,-7.305731922129025903e-04,-7.305731922129025903e-04,-7.305731922129025903e-04,-7.305731922129025903e-04,-7.305731922129025903e-04,-7.305731922129025903e-04,-2.135016723077065668e-03,-2.135016723077065668e-03,-2.135016723077065668e-03,1.232666663872121005e-03,1.232666663872121005e-03,6.166950214007816712e-03,4.030639139823597068e-03,4.030639139823597068e-03,4.030639139823597068e-03,1.894328065639376340e-03,-2.431897954448384181e-03,-1.108434999462387834e-02,-1.108434999462387834e-02,-1.108434999462387834e-02,-1.541057601471163864e-02,-1.754688708889586002e-02,-1.754688708889586002e-02,-1.968319816308007966e-02,-1.895133061976003730e-02,-1.895133061976003730e-02,-1.895133061976003730e-02,-1.064936368267517877e-02,-1.064936368267517877e-02,-1.064936368267517877e-02,-9.417991369910212393e-03,-9.417991369910212393e-03,-9.417991369910212393e-03,-9.417991369910212393e-03,-1.116024432825329579e-03,-5.442250452913089884e-03,-9.768476473000838045e-03,-9.768476473000838045e-03,-9.768476473000838045e-03,-9.768476473000838045e-03,-9.768476473000838045e-03,-1.190478754718507157e-02,-5.169420773286697787e-03,-1.801737386337510897e-03,-1.801737386337510897e-03,-1.801737386337510897e-03,1.565946000611675775e-03,4.933629387560862882e-03,2.797318313376642371e-03,2.797318313376642371e-03,7.731601863512338295e-03,5.595290789328117784e-03,7.558530645413142138e-03,7.558530645413142138e-03,4.190847258463954381e-03,7.558530645413142138e-03,7.558530645413142138e-03,8.290398188733186235e-03,8.290398188733186235e-03,8.290398188733186235e-03,8.290398188733186235e-03,1.322468173886885701e-02,8.898455718781108845e-03,1.720042265586599339e-02,1.287419663577823309e-02,1.287419663577823309e-02,1.073788556159401171e-02,1.073788556159401171e-02,1.410556894854319947e-02,1.410556894854319947e-02,1.903985249867886850e-02,1.903985249867886850e-02,1.808130986554029596e-02,1.594499879135607631e-02,1.498645615821752111e-02,1.498645615821752111e-02,1.498645615821752111e-02,1.161877277126832642e-02,9.482461697084105037e-03,1.285014508403329973e-02,1.285014508403329973e-02,1.285014508403329973e-02,1.285014508403329973e-02,1.621782847098248576e-02,1.621782847098248576e-02,1.621782847098248576e-02,1.312297476365969183e-02,1.312297476365969183e-02,1.312297476365969183e-02,1.744920078374743999e-02,1.531288970956321688e-02,1.531288970956321688e-02,1.098666368947547045e-02,8.850352615291250807e-03,1.156443208254303396e-03,1.156443208254303396e-03,1.156443208254303396e-03,4.524126595203490503e-03,7.891809982152676525e-03,7.891809982152676525e-03,7.891809982152676525e-03,3.565583962064916655e-03,6.933267349014103111e-03,6.933267349014103111e-03,6.933267349014103111e-03,6.933267349014103111e-03,1.030095073596329000e-02,8.164639661779070356e-03,8.164639661779070356e-03,8.164639661779070356e-03,1.523523428609898679e-02,2.016951783623468358e-02,2.016951783623468358e-02,2.016951783623468358e-02,2.353720122318387134e-02,2.353720122318387134e-02,2.353720122318387134e-02,2.044234751586108956e-02,1.707466412891190180e-02,1.780653167223196151e-02,1.780653167223196151e-02,1.780653167223196151e-02,1.443884828528277202e-02,1.780653167223196151e-02,1.780653167223196151e-02,1.780653167223196151e-02,2.117421505918114580e-02,2.454189844613033356e-02,2.454189844613033356e-02,2.454189844613033356e-02,2.454189844613033356e-02,2.454189844613033356e-02,3.380240801635375075e-02,3.717009140330294198e-02,4.149631742339070228e-02,4.149631742339070228e-02,4.149631742339070228e-02,4.486400081033989351e-02,4.700031188452410968e-02,4.823168419728907780e-02,4.823168419728907780e-02,4.823168419728907780e-02,5.159936758423826209e-02,5.592559360432602239e-02,5.378928253014180622e-02,5.378928253014180622e-02,4.946305651005403897e-02,4.946305651005403897e-02,5.283073989700323714e-02,5.283073989700323714e-02,5.283073989700323714e-02,4.850451387691546989e-02,4.850451387691546989e-02,4.850451387691546989e-02,4.850451387691546989e-02,4.636820280273124678e-02,5.130248635286694531e-02,4.916617527868272219e-02,4.916617527868272219e-02,4.916617527868272219e-02,4.916617527868272219e-02,4.916617527868272219e-02,4.483994925859497577e-02,4.483994925859497577e-02,4.051372323850722934e-02,3.405118614423524592e-02,2.972496012414748909e-02,3.068350275728606164e-02,3.068350275728606164e-02,3.068350275728606164e-02,3.068350275728606164e-02,3.068350275728606164e-02,3.405118614423524592e-02,3.405118614423524592e-02,3.068350275728606164e-02,3.068350275728606164e-02,3.068350275728606164e-02,3.068350275728606164e-02,2.731581937033687388e-02,2.731581937033687388e-02,2.517950829615265423e-02,2.517950829615265423e-02,2.517950829615265423e-02,2.517950829615265423e-02,2.517950829615265423e-02,2.085328227606489393e-02,2.085328227606489393e-02,2.085328227606489393e-02,2.085328227606489393e-02,2.085328227606489393e-02,2.085328227606489393e-02,2.085328227606489393e-02,1.748559888911570617e-02,1.748559888911570617e-02,2.422096566301407822e-02,2.208465458882984470e-02,2.208465458882984470e-02,2.208465458882984470e-02,2.641088060891760500e-02,2.580282307886967025e-02,2.580282307886967025e-02,2.580282307886967025e-02,2.086853952873399948e-02,2.064186443891547276e-02,1.631563841882771246e-02,1.294795503187852123e-02,1.294795503187852123e-02,9.580271644929335209e-03,4.645988094793638418e-03,4.645988094793638418e-03,4.645988094793638418e-03,3.197620747058913405e-04,3.197620747058913405e-04,3.197620747058913405e-04,3.197620747058913405e-04,3.197620747058913405e-04,3.197620747058913405e-04,3.197620747058913405e-04,1.551134387470857502e-03,-5.851766867133631174e-04,-5.851766867133631174e-04,-5.851766867133631174e-04,-5.851766867133631174e-04,-5.851766867133631174e-04,3.741049333374384285e-03,1.081164395769430159e-02,1.081164395769430159e-02,1.417932734464349108e-02,1.491119488796354732e-02,1.058496886787579916e-02,1.395265225482498692e-02,1.395265225482498692e-02,1.732033564177417467e-02,1.732033564177417467e-02,1.855170795453913932e-02,1.855170795453913932e-02,1.951025058767770146e-02,2.444453413781337570e-02,2.658084521199759534e-02,2.658084521199759534e-02,2.658084521199759534e-02,2.321316182504840411e-02,2.658084521199759534e-02,2.658084521199759534e-02,2.658084521199759534e-02,2.871715628618181498e-02,2.871715628618181498e-02,2.439093026609406509e-02,2.439093026609406509e-02,2.439093026609406509e-02,2.439093026609406509e-02,2.439093026609406509e-02,2.439093026609406509e-02,2.439093026609406509e-02,2.439093026609406509e-02,2.595753042928057586e-02,2.168490828091213657e-02,2.168490828091213657e-02,2.168490828091213657e-02,2.168490828091213657e-02,2.168490828091213657e-02,2.072636564777356749e-02,2.072636564777356749e-02,2.505259166786132086e-02,2.505259166786132086e-02,2.168490828091213657e-02,2.168490828091213657e-02,2.168490828091213657e-02,2.168490828091213657e-02,1.399099887387519371e-02,6.297089466838250854e-03,7.528461779603218100e-03,3.202235759515463867e-03,3.202235759515463867e-03,3.202235759515463867e-03,-1.654476274337245405e-04,1.970863446750495754e-03,4.107174520934716265e-03,1.970863446750495754e-03,3.202235759515463867e-03,3.202235759515463867e-03,7.528461779603218100e-03,9.664772853787438611e-03,9.664772853787438611e-03,5.338546833699684378e-03,5.338546833699684378e-03,5.338546833699684378e-03,3.202235759515463867e-03,5.338546833699684378e-03,5.338546833699684378e-03,5.338546833699684378e-03,5.338546833699684378e-03,1.027283038383536816e-02,1.027283038383536816e-02,6.905146996886180402e-03,2.578920976798425736e-03,2.578920976798425736e-03,7.513204526934109950e-03,7.513204526934109950e-03,7.513204526934109950e-03,1.244748807706979286e-02,1.244748807706979286e-02,1.244748807706979286e-02,1.244748807706979286e-02,1.244748807706979286e-02,1.244748807706979286e-02,1.244748807706979286e-02,1.031117700288557149e-02,1.861314393997044736e-02,1.861314393997044736e-02,1.524546055302125440e-02,1.524546055302125440e-02,1.597732809634131237e-02,2.030355411642906574e-02,2.030355411642906574e-02,1.693587072947988145e-02,1.693587072947988145e-02,1.693587072947988145e-02,1.693587072947988145e-02,1.570449841671491334e-02,1.570449841671491334e-02,2.003072443680266670e-02,2.003072443680266670e-02,2.496500798693835135e-02,2.737414874074897003e-02,2.737414874074897003e-02,2.737414874074897003e-02,2.737414874074897003e-02,2.737414874074897003e-02,1.968023933371203238e-02,1.968023933371203238e-02,2.304792272066121667e-02,2.304792272066121667e-02,2.641560610761040442e-02,2.641560610761040442e-02,2.208938008752265453e-02,2.545706347447183882e-02,2.545706347447183882e-02,2.882474686142103004e-02,2.449852084133327321e-02,2.786620422828245749e-02,2.449852084133327321e-02,2.449852084133327321e-02,2.449852084133327321e-02,2.663483191551749285e-02,2.663483191551749285e-02,2.663483191551749285e-02,2.326714852856830856e-02,2.877114298970171596e-02,2.540345960275252821e-02,2.540345960275252821e-02,2.540345960275252821e-02,1.866809282885414922e-02,1.866809282885414922e-02,1.866809282885414922e-02,1.866809282885414922e-02,1.434186680876639759e-02,1.434186680876639759e-02,1.434186680876639759e-02,1.770955019571558708e-02,1.557323912153136571e-02,1.343692804734714259e-02,1.343692804734714259e-02,1.343692804734714259e-02,1.080111220371799893e-02,1.512733822380575230e-02,1.512733822380575230e-02,1.203248451648296878e-02,1.203248451648296878e-02,1.635871053657072388e-02,1.635871053657072388e-02,1.299102714962153265e-02,1.299102714962153265e-02,6.528490055349558778e-03,6.528490055349558778e-03,6.528490055349558778e-03,6.528490055349558778e-03,6.528490055349558778e-03,1.578899962557301154e-02,1.652086716889306778e-02,1.219464114880531268e-02,1.712892469894099559e-02,1.712892469894099559e-02,1.376124131199180957e-02,1.376124131199180957e-02,9.435015291904054469e-03,8.203642979139089825e-03,4.835959592189902935e-03,4.835959592189902935e-03,1.468276205240712793e-03,-2.857949814847041223e-03,-2.857949814847041223e-03,-2.857949814847041223e-03,-2.857949814847041223e-03,-7.184175834934795023e-03,-1.077853431170250516e-02,-1.218297784256666683e-02,-1.218297784256666683e-02,-1.218297784256666683e-02,-1.218297784256666683e-02,-1.431928891675088820e-02,-1.431928891675088820e-02,-1.768697230370007423e-02,-1.095160552980169871e-02,-1.095160552980169871e-02,-1.431928891675088820e-02,-9.993062896663134839e-03,-6.625379509713944480e-03,-6.625379509713944480e-03,-3.257696122764757590e-03,-3.257696122764757590e-03,1.099872641844289471e-04,1.099872641844289471e-04,1.099872641844289471e-04,1.099872641844289471e-04,1.099872641844289471e-04,1.099872641844289471e-04,1.099872641844289471e-04,1.099872641844289471e-04,1.099872641844289471e-04,1.099872641844289471e-04,1.099872641844289471e-04,1.099872641844289471e-04,1.099872641844289471e-04,-4.216238755903324933e-03,-9.274332319311136275e-03,-1.853484188953457429e-02,-1.853484188953457429e-02,-1.853484188953457429e-02,-1.853484188953457429e-02,-1.853484188953457429e-02,-8.704621408313411787e-03,-1.639853081535035464e-02,-1.639853081535035464e-02,-1.639853081535035464e-02,-2.072475683543810801e-02,-2.072475683543810801e-02,-2.072475683543810801e-02,-1.579047328530242336e-02,-1.579047328530242336e-02,-1.242278989835323734e-02,-1.242278989835323734e-02,-5.687423124454862693e-03,-5.687423124454862693e-03,-5.687423124454862693e-03,-5.687423124454862693e-03,-5.687423124454862693e-03,-9.055106511404047848e-03,-1.338133253149180295e-02,-1.338133253149180295e-02,-1.124502145730758157e-02,-1.338133253149180295e-02,-1.338133253149180295e-02,-1.338133253149180295e-02,-1.338133253149180295e-02,-1.338133253149180295e-02,-1.338133253149180295e-02,-1.338133253149180295e-02,-1.770755855157955458e-02,-1.984386962576377422e-02,-1.984386962576377422e-02,-1.551764360567602086e-02,-1.984386962576377422e-02,-1.984386962576377422e-02,-1.984386962576377422e-02,-1.984386962576377422e-02,-1.551764360567602086e-02,-1.551764360567602086e-02,-1.984386962576377422e-02,-1.704589714981231269e-02,-1.704589714981231269e-02,-1.490958607562809131e-02,-2.137212316990006605e-02,-2.137212316990006605e-02,-2.014075085713510141e-02,-2.014075085713510141e-02,-2.014075085713510488e-02,-2.014075085713510488e-02,-2.014075085713510141e-02,-1.677306747018591365e-02,-1.677306747018591365e-02,-1.677306747018591365e-02,-1.677306747018591365e-02,-1.677306747018591365e-02,-1.244684145009816029e-02,-1.244684145009816029e-02,-1.148829881695959468e-02,-1.148829881695959468e-02,-1.581452483704734457e-02,-1.581452483704734457e-02,-1.581452483704734457e-02,-2.014075085713510141e-02,-2.014075085713510141e-02,-1.183878392005024288e-02,-1.183878392005024288e-02,-5.103417146151869969e-03,-5.103417146151869969e-03,-1.691335960161730696e-04,-1.691335960161730696e-04,4.157092424071581055e-03,4.157092424071581055e-03,4.157092424071581055e-03,4.157092424071581055e-03,-1.691335960161730696e-04,4.765149954119516675e-03,2.628838879935296163e-03,2.628838879935296163e-03,2.628838879935296163e-03,5.996522266884483053e-03,5.996522266884483053e-03,1.032274828697223729e-02,1.032274828697223729e-02,1.032274828697223729e-02,1.897520032714774402e-02,1.897520032714774402e-02,1.560751694019855799e-02,1.223983355324937024e-02,1.223983355324937024e-02,1.223983355324937024e-02,1.223983355324937024e-02,1.297170109656942821e-02,1.297170109656942821e-02,1.297170109656942821e-02,1.083539002238520337e-02,1.420307340933438765e-02,1.852929942942214275e-02,1.757075679628357368e-02,2.093844018323276143e-02,2.093844018323276143e-02,2.093844018323276143e-02,2.430612357018194919e-02,2.093844018323276143e-02,2.093844018323276143e-02,2.093844018323276143e-02,1.976067174218710740e-02,1.762436066800288775e-02,2.160010158500000332e-02,1.486473481110163128e-02,1.486473481110163128e-02,1.486473481110163128e-02,1.486473481110163128e-02,1.053850879101387618e-02,1.053850879101387618e-02,1.127037633433392201e-02,1.127037633433392201e-02,-7.497590927907736699e-04,7.902692947384735989e-03,6.944150314246167778e-03,1.272097445500597508e-02,9.353291068056787325e-03,9.353291068056787325e-03,9.353291068056787325e-03,9.353291068056787325e-03,9.353291068056787325e-03,9.353291068056787325e-03,1.800574310823229579e-02,1.800574310823229579e-02,1.800574310823229579e-02,2.227836525660073508e-02,1.795213923651298171e-02,1.795213923651298171e-02,1.795213923651298171e-02,1.795213923651298171e-02,2.288642278664866636e-02,2.288642278664866636e-02,2.748547848636281876e-02,2.748547848636281876e-02,2.748547848636281876e-02,2.198148402522941136e-02,1.861380063828022360e-02,1.861380063828022360e-02,1.861380063828022360e-02,1.861380063828022360e-02,1.861380063828022360e-02,1.861380063828022360e-02,1.861380063828022360e-02,1.861380063828022360e-02,1.428757461819247197e-02,1.428757461819247197e-02,1.091989123124328422e-02,1.428757461819247197e-02,1.428757461819247197e-02,1.428757461819247197e-02,1.428757461819247197e-02,1.332903198505390463e-02,1.332903198505390463e-02,1.332903198505390463e-02,1.332903198505390463e-02,1.826331553518958581e-02,1.826331553518958581e-02,1.393708951510183418e-02,1.393708951510183418e-02,1.826331553518958581e-02,2.039962660937380892e-02,1.703194322242462116e-02,2.135816924251237453e-02,2.135816924251237453e-02,2.472585262946155882e-02,2.472585262946155882e-02,2.258954155527733917e-02,2.258954155527733917e-02,2.809353601641075004e-02,2.809353601641075004e-02,2.809353601641075004e-02,2.809353601641075004e-02,2.472585262946155882e-02,2.472585262946155882e-02,2.472585262946155882e-02,2.472585262946155882e-02,2.905207864954931565e-02,2.905207864954931565e-02,2.905207864954931565e-02,3.337830466963707249e-02,3.551461574382128866e-02,3.551461574382128866e-02,3.551461574382128866e-02,3.551461574382128866e-02,3.551461574382128866e-02,3.551461574382128866e-02,3.984084176390904203e-02,3.984084176390904203e-02,3.770453068972481891e-02,3.770453068972481891e-02,3.770453068972481891e-02,3.264643712631702666e-02,3.264643712631702666e-02,2.927875373936783890e-02,2.495252771928008553e-02,2.495252771928008553e-02,2.591107035241865114e-02,3.023729637250640451e-02,3.237360744669062762e-02,3.237360744669062762e-02,3.237360744669062762e-02,3.237360744669062762e-02,3.237360744669062762e-02,3.669983346677838099e-02,3.456352239259416481e-02,3.669983346677838099e-02,3.669983346677838099e-02,4.006751685372756527e-02,4.006751685372756527e-02,3.574129083363981191e-02,4.067557438377551043e-02,4.404325777072469472e-02,4.404325777072469472e-02,4.836948379081244809e-02,4.836948379081244809e-02,4.836948379081244809e-02,4.836948379081244809e-02,4.836948379081244809e-02,4.836948379081244809e-02,4.836948379081244809e-02,4.500180040386326380e-02,4.163411701691407951e-02,4.163411701691407951e-02,3.730789099682631921e-02,4.067557438377551043e-02,4.067557438377551043e-02,4.140744192709555627e-02,3.708121590700780290e-02,3.708121590700780290e-02,3.494490483282357285e-02,3.987918838295925750e-02,3.927113085291132621e-02,3.866307332286339493e-02,4.635698272990032565e-02,4.635698272990032565e-02,5.129126628003602417e-02,5.129126628003602417e-02,4.792358289308683988e-02,4.792358289308683988e-02,4.792358289308683988e-02,4.792358289308683988e-02,5.224980891317458631e-02,5.224980891317458631e-02,5.224980891317458631e-02,5.224980891317458631e-02,4.984066815936397110e-02,4.984066815936397110e-02,4.984066815936397110e-02,4.984066815936397110e-02,4.984066815936397110e-02,4.277007353504405640e-02,4.277007353504405640e-02,4.063376246085983329e-02,4.460950337785695580e-02,4.247319230367273962e-02,4.247319230367273962e-02,4.247319230367273962e-02,4.460950337785695580e-02,4.247319230367273962e-02,4.679941832376048605e-02,4.584087569062192391e-02,5.016710171070967728e-02,5.016710171070967728e-02,5.016710171070967728e-02,5.016710171070967728e-02,4.803079063652546110e-02,4.370456461643770080e-02,4.803079063652546110e-02,5.139847402347464539e-02,5.633275757361033004e-02,5.296507418666113187e-02,5.729130020674889218e-02,5.729130020674889218e-02,5.729130020674889218e-02,5.729130020674889218e-02,5.296507418666113187e-02,5.296507418666113187e-02,5.296507418666113187e-02,5.296507418666113187e-02,5.729130020674889218e-02,5.729130020674889218e-02,5.082876311247691570e-02,5.082876311247691570e-02,4.869245203829269258e-02,5.301867805838044595e-02,5.470908823483907474e-02,5.470908823483907474e-02,5.470908823483907474e-02,5.470908823483907474e-02,5.470908823483907474e-02,5.470908823483907474e-02,5.470908823483907474e-02,5.470908823483907474e-02,5.903531425492683504e-02,5.903531425492683504e-02,5.903531425492683504e-02,5.903531425492683504e-02,5.903531425492683504e-02,6.336154027501458841e-02,5.639949841129769659e-02,5.639949841129769659e-02,5.639949841129769659e-02,5.639949841129769659e-02,5.639949841129769659e-02,5.639949841129769659e-02,5.639949841129769659e-02,5.207327239120994322e-02,5.207327239120994322e-02,4.774704637112218986e-02,4.774704637112218986e-02,4.437936298417300557e-02,4.005313696408524526e-02,4.005313696408524526e-02,4.005313696408524526e-02,4.005313696408524526e-02,4.342082035103444343e-02,4.774704637112218986e-02,4.774704637112218986e-02,4.774704637112218986e-02,4.774704637112218986e-02,5.111472975807138108e-02,5.207327239120994322e-02,5.914386701552985098e-02,5.914386701552985098e-02,5.577618362858066670e-02,5.577618362858066670e-02,5.577618362858066670e-02,5.577618362858066670e-02,5.144995760849290639e-02,5.358626868267712950e-02,5.358626868267712950e-02,5.021858529572794522e-02,4.589235927564019185e-02,5.021858529572794522e-02,4.325654343201104646e-02,4.819082698214672417e-02,4.819082698214672417e-02,4.819082698214672417e-02,4.819082698214672417e-02,5.155851036909592233e-02,5.155851036909592233e-02,5.155851036909592233e-02,5.155851036909592233e-02,4.942219929491169922e-02,5.588473638918367570e-02,5.155851036909592233e-02,5.155851036909592233e-02,5.059996773595736019e-02,5.059996773595736019e-02,4.723228434900817591e-02,4.386460096205897774e-02,3.953837494197123131e-02,3.740206386778700820e-02,3.740206386778700820e-02,3.953837494197123131e-02,4.167468601615545443e-02,4.167468601615545443e-02,4.044331370339048631e-02,4.044331370339048631e-02,4.044331370339048631e-02,4.263322864929402350e-02,4.263322864929402350e-02,4.049691757510979345e-02,4.049691757510979345e-02,4.122878511842984622e-02,3.786110173148066887e-02,3.449341834453147765e-02,3.016719232444371734e-02,3.016719232444371734e-02,3.016719232444371734e-02,3.016719232444371734e-02,3.016719232444371734e-02,3.016719232444371734e-02,3.016719232444371734e-02,3.353487571139290163e-02,3.353487571139290163e-02,3.353487571139290163e-02,3.846915926152858628e-02,3.846915926152858628e-02,4.279538528161634658e-02,4.279538528161634658e-02,4.279538528161634658e-02,3.846915926152858628e-02,3.846915926152858628e-02,3.846915926152858628e-02,4.183684264847777751e-02,4.616306866856553781e-02,5.385697807560247546e-02,5.385697807560247546e-02,5.385697807560247546e-02,5.385697807560247546e-02,4.953075205551472210e-02,4.739444098133049899e-02,5.604689302150601266e-02,5.267920963455682837e-02,4.931152624760763714e-02,5.267920963455682837e-02,5.267920963455682837e-02,5.267920963455682837e-02,5.700543565464458173e-02,6.037311904159377296e-02,6.037311904159377296e-02,6.037311904159377296e-02,6.037311904159377296e-02,6.037311904159377296e-02,6.037311904159377296e-02,5.543883549145807443e-02,5.880651887840726566e-02,5.880651887840726566e-02,5.448029285831951229e-02,5.448029285831951229e-02,5.015406683823176587e-02,5.015406683823176587e-02,5.352175022518095016e-02,6.025711699907932567e-02,5.379457990480734225e-02,5.593089097899156537e-02,5.593089097899156537e-02,5.160466495890381894e-02,5.160466495890381894e-02,4.946835388471959583e-02,4.733204281053536577e-02,4.733204281053536577e-02,4.733204281053536577e-02,4.733204281053536577e-02,4.453407033458390424e-02,4.453407033458390424e-02,3.903007587345049684e-02,3.903007587345049684e-02,3.903007587345049684e-02,3.409579232331481219e-02,3.409579232331481219e-02,3.903007587345049684e-02,4.806391035385541161e-02,4.806391035385541161e-02,4.806391035385541161e-02,4.806391035385541161e-02,5.020022142803963472e-02,5.233653250222385089e-02,5.329507513536242691e-02,5.329507513536242691e-02,4.896884911527466661e-02,4.896884911527466661e-02,5.329507513536242691e-02,5.762130115545018028e-02,5.762130115545018028e-02,5.981121610135371747e-02,5.857984378858874241e-02,6.071615486277295859e-02,5.578187131263728782e-02,5.578187131263728782e-02,6.010809733272503425e-02,6.010809733272503425e-02,6.010809733272503425e-02,5.791818238682150399e-02,5.791818238682150399e-02,5.455049899987231277e-02,5.022427297978455940e-02,5.022427297978455940e-02,4.758845713615542788e-02,4.758845713615542788e-02,4.972476821033965794e-02,5.186107928452387411e-02,4.849339589757468982e-02,4.298940143644128242e-02,4.298940143644128242e-02,4.512571251062550554e-02,4.512571251062550554e-02,4.512571251062550554e-02,4.512571251062550554e-02,4.512571251062550554e-02,5.186107928452387411e-02,5.186107928452387411e-02,4.692679573438818946e-02,4.355911234743900518e-02,4.849339589757468982e-02,4.972476821033965794e-02,5.465905176047534259e-02,5.252274068629111947e-02,5.252274068629111947e-02,4.915505729934193518e-02,5.695751946698188878e-02,5.695751946698188878e-02,5.263129344689412153e-02,5.599897683384330582e-02,5.599897683384330582e-02,5.599897683384330582e-02,6.093326038397901129e-02,6.525948640406675771e-02,7.076348086520016512e-02,6.643725484511241175e-02,6.487065468192590445e-02,6.487065468192590445e-02,5.840811758765394185e-02,5.840811758765394185e-02,6.054442866183815802e-02,6.054442866183815802e-02,6.054442866183815802e-02,6.054442866183815802e-02,6.487065468192590445e-02,6.487065468192590445e-02,6.487065468192590445e-02,6.487065468192590445e-02,6.487065468192590445e-02,6.487065468192590445e-02,5.993637113179023368e-02,5.993637113179023368e-02,5.993637113179023368e-02,6.089491376492879582e-02,6.089491376492879582e-02,6.522113978501653531e-02,6.522113978501653531e-02,6.522113978501653531e-02,6.522113978501653531e-02,6.741105473092008638e-02,7.510496413795703097e-02,7.449690660790909968e-02,7.449690660790909968e-02,7.882313262799683917e-02,7.545544924104766182e-02,7.112922322095990846e-02,7.112922322095990846e-02,6.899291214677566453e-02,6.899291214677566453e-02,7.236059553372485575e-02,7.236059553372485575e-02,7.236059553372485575e-02,8.174491511722042913e-02,7.837723173027123791e-02,8.270345775035899127e-02,8.607114113730818250e-02,8.607114113730818250e-02,8.393483006312395245e-02,8.393483006312395245e-02,8.393483006312395245e-02,8.393483006312395245e-02,8.393483006312395245e-02,8.056714667617477510e-02,8.056714667617477510e-02,8.056714667617477510e-02,8.270345775035899127e-02,8.270345775035899127e-02,8.270345775035899127e-02,8.763774130049467592e-02,8.763774130049467592e-02
9.136823944405912711e-04,-1.222628679743655369e-03,-3.358939753927901468e-03,-3.358939753927901468e-03,-3.358939753927901468e-03,-3.358939753927901468e-03,-5.495250828112148433e-03,-5.495250828112148433e-03,-7.631561902296394098e-03,-7.631561902296394098e-03,-7.631561902296394098e-03,-7.631561902296394098e-03,-7.631561902296394098e-03,-7.631561902296394098e-03,-2.697278352160724195e-03,-2.697278352160724195e-03,2.237005197974946576e-03,2.237005197974946576e-03,2.237005197974946576e-03,2.237005197974946576e-03,2.237005197974946576e-03,2.845062728022831455e-03,2.845062728022831455e-03,2.845062728022831455e-03,2.845062728022831455e-03,2.845062728022831455e-03,2.845062728022831455e-03,2.845062728022831455e-03,1.886520094884244596e-03,1.886520094884244596e-03,1.886520094884244596e-03,-2.497909793000019363e-04,-2.497909793000019363e-04,4.820765640200425951e-04,-3.844149456067743730e-03,-3.844149456067743730e-03,-3.844149456067743730e-03,-8.170375476155516611e-03,-3.236091926019846274e-03,6.632475174251495700e-03,6.632475174251495700e-03,6.632475174251495700e-03,1.156675872438716474e-02,7.240532704299393156e-03,7.240532704299393156e-03,2.914306684211605963e-03,6.281990071160779843e-03,6.281990071160779843e-03,6.281990071160779843e-03,4.877546540296590419e-03,4.877546540296590419e-03,4.877546540296590419e-03,-1.584990553975429211e-03,-1.584990553975429211e-03,-1.584990553975429211e-03,-1.584990553975429211e-03,-2.989434084839624490e-03,1.944849465296046064e-03,6.879133015431743506e-03,6.879133015431743506e-03,6.879133015431743506e-03,6.879133015431743506e-03,6.879133015431743506e-03,2.552906995343969324e-03,-1.719715153024523524e-03,-3.856026227208770273e-03,-3.856026227208770273e-03,-3.856026227208770273e-03,-5.992337301393016805e-03,-8.128648375577262469e-03,-1.245487439566503665e-02,-1.245487439566503665e-02,-1.172300685234499255e-02,-1.604923287243277541e-02,-1.914408657975562311e-02,-1.914408657975562311e-02,-1.700777550557137918e-02,-1.914408657975562311e-02,-1.914408657975562311e-02,-1.577640319280644923e-02,-1.577640319280644923e-02,-1.577640319280644923e-02,-1.577640319280644923e-02,-1.504453564948639299e-02,-1.011025209935072222e-02,-1.151469563021491685e-02,-6.580412080079246079e-03,-6.580412080079246079e-03,-1.090663810016702026e-02,-1.090663810016702026e-02,-1.304294917435126593e-02,-1.304294917435126593e-02,-1.231108163103122183e-02,-1.231108163103122183e-02,-9.513109155079798457e-03,-1.383933517516757090e-02,-1.104136269921614580e-02,-1.104136269921614580e-02,-1.104136269921614580e-02,-8.905051625031901869e-03,-1.323127764511967432e-02,-1.536758871930391998e-02,-1.536758871930391998e-02,-1.536758871930391998e-02,-1.536758871930391998e-02,-1.750389979348816738e-02,-1.750389979348816738e-02,-1.750389979348816738e-02,-1.903215333762451472e-02,-1.903215333762451472e-02,-1.903215333762451472e-02,-2.396643688776018549e-02,-2.829266290784797355e-02,-2.829266290784797355e-02,-2.335837935771230278e-02,-2.768460537780007696e-02,-2.061401075348015879e-02,-2.061401075348015879e-02,-2.061401075348015879e-02,-2.275032182766440619e-02,-2.488663290184865359e-02,-2.488663290184865359e-02,-2.488663290184865359e-02,-1.995234935171298282e-02,-2.208866042589722328e-02,-2.208866042589722328e-02,-2.208866042589722328e-02,-2.208866042589722328e-02,-2.422497150008147068e-02,-2.855119752016924486e-02,-2.855119752016924486e-02,-2.855119752016924486e-02,-2.349310395676142485e-02,-2.276123641344136861e-02,-2.276123641344136861e-02,-2.276123641344136861e-02,-2.489754748762561254e-02,-2.489754748762561254e-02,-2.489754748762561254e-02,-2.642580103176196335e-02,-2.428948995757771942e-02,-2.092180657062854207e-02,-2.092180657062854207e-02,-2.092180657062854207e-02,-1.878549549644429814e-02,-2.092180657062854207e-02,-2.092180657062854207e-02,-2.092180657062854207e-02,-2.305811764481278600e-02,-2.519442871899703340e-02,-2.519442871899703340e-02,-2.519442871899703340e-02,-2.519442871899703340e-02,-2.519442871899703340e-02,-2.939684472581265834e-02,-3.153315579999690921e-02,-3.646743935013257998e-02,-3.646743935013257998e-02,-3.646743935013257998e-02,-3.860375042431682391e-02,-3.427752440422904973e-02,-4.074006149850107478e-02,-4.074006149850107478e-02,-4.074006149850107478e-02,-4.287637257268531177e-02,-4.781065612282097560e-02,-5.213688214290877060e-02,-5.213688214290877060e-02,-4.720259859277309289e-02,-4.720259859277309289e-02,-4.933890966695733682e-02,-4.933890966695733682e-02,-4.933890966695733682e-02,-4.440462611682167299e-02,-4.440462611682167299e-02,-4.440462611682167299e-02,-4.440462611682167299e-02,-4.873085213690944717e-02,-4.799898459358940134e-02,-5.232521061367717552e-02,-5.232521061367717552e-02,-5.232521061367717552e-02,-5.232521061367717552e-02,-5.232521061367717552e-02,-4.739092706354149087e-02,-4.739092706354149087e-02,-4.245664351340582010e-02,-4.184858598335792351e-02,-3.691430243322225274e-02,-3.971227490917367264e-02,-3.971227490917367264e-02,-3.971227490917367264e-02,-3.971227490917367264e-02,-3.971227490917367264e-02,-4.184858598335792351e-02,-4.184858598335792351e-02,-3.971227490917367264e-02,-3.971227490917367264e-02,-3.971227490917367264e-02,-3.971227490917367264e-02,-3.757596383498943565e-02,-3.757596383498943565e-02,-4.190218985507720290e-02,-4.190218985507720290e-02,-4.190218985507720290e-02,-4.190218985507720290e-02,-4.190218985507720290e-02,-3.696790630494153906e-02,-3.696790630494153906e-02,-3.696790630494153906e-02,-3.696790630494153906e-02,-3.696790630494153906e-02,-3.696790630494153906e-02,-3.696790630494153906e-02,-3.483159523075728820e-02,-3.483159523075728820e-02,-3.910421737912578299e-02,-4.343044339921356412e-02,-4.343044339921356412e-02,-4.343044339921356412e-02,-4.836472694934922795e-02,-5.403087804280495149e-02,-5.403087804280495149e-02,-5.403087804280495149e-02,-5.476274558612501120e-02,-4.859708972322440701e-02,-4.366280617308873624e-02,-4.152649509890449231e-02,-4.152649509890449231e-02,-3.939018402472024838e-02,-4.012205156804030115e-02,-4.012205156804030115e-02,-4.012205156804030115e-02,-3.518776801790463038e-02,-3.518776801790463038e-02,-3.518776801790463038e-02,-3.518776801790463038e-02,-3.518776801790463038e-02,-3.518776801790463038e-02,-3.518776801790463038e-02,-4.165030511217664155e-02,-4.597653113226441574e-02,-4.597653113226441574e-02,-4.597653113226441574e-02,-4.597653113226441574e-02,-4.597653113226441574e-02,-5.091081468240008651e-02,-4.585272111899226649e-02,-4.585272111899226649e-02,-4.798903219317651042e-02,-4.462134880622734001e-02,-3.968706525609166924e-02,-4.182337633027591317e-02,-4.182337633027591317e-02,-4.395968740446016404e-02,-4.395968740446016404e-02,-5.042222449873218215e-02,-5.042222449873218215e-02,-5.322019697468360205e-02,-5.248832943136355622e-02,-4.816210341127577510e-02,-4.816210341127577510e-02,-4.816210341127577510e-02,-4.602579233709153117e-02,-4.816210341127577510e-02,-4.816210341127577510e-02,-4.816210341127577510e-02,-4.383587739118800092e-02,-4.383587739118800092e-02,-3.890159384105233015e-02,-3.890159384105233015e-02,-3.890159384105233015e-02,-3.890159384105233015e-02,-3.890159384105233015e-02,-3.890159384105233015e-02,-3.890159384105233015e-02,-3.890159384105233015e-02,-3.603341522354804038e-02,-4.468586726372358875e-02,-4.468586726372358875e-02,-4.468586726372358875e-02,-4.468586726372358875e-02,-4.468586726372358875e-02,-4.188789478777214803e-02,-4.188789478777214803e-02,-4.682217833790783268e-02,-4.682217833790783268e-02,-4.468586726372358875e-02,-4.468586726372358875e-02,-4.468586726372358875e-02,-4.468586726372358875e-02,-3.761527263940365323e-02,-3.054467801508373853e-02,-3.700721510935577052e-02,-3.207293155922009975e-02,-3.207293155922009975e-02,-3.207293155922009975e-02,-2.993662048503585582e-02,-2.561039446494807123e-02,-2.128416844486029705e-02,-2.561039446494807123e-02,-3.207293155922009975e-02,-3.207293155922009975e-02,-3.700721510935577052e-02,-3.268098908926798246e-02,-3.268098908926798246e-02,-2.774670553913231863e-02,-2.774670553913231863e-02,-2.774670553913231863e-02,-3.207293155922009975e-02,-2.774670553913231863e-02,-2.774670553913231863e-02,-2.774670553913231863e-02,-2.774670553913231863e-02,-2.701483799581227627e-02,-2.701483799581227627e-02,-2.487852692162802887e-02,-1.994424337149235463e-02,-1.994424337149235463e-02,-1.921237582817230533e-02,-1.921237582817230533e-02,-1.921237582817230533e-02,-1.848050828485225602e-02,-1.848050828485225602e-02,-1.848050828485225602e-02,-1.848050828485225602e-02,-1.848050828485225602e-02,-1.848050828485225602e-02,-1.848050828485225602e-02,-2.280673430494003368e-02,-2.421117783580422830e-02,-2.421117783580422830e-02,-2.207486676161998090e-02,-2.207486676161998090e-02,-1.870718337467081049e-02,-2.364146692480648126e-02,-2.364146692480648126e-02,-2.150515585062223387e-02,-2.150515585062223387e-02,-2.150515585062223387e-02,-2.150515585062223387e-02,-1.504261875635021749e-02,-1.504261875635021749e-02,-1.997690230648588999e-02,-1.997690230648588999e-02,-1.924503476316583722e-02,-1.858337336139865778e-02,-1.858337336139865778e-02,-1.858337336139865778e-02,-1.858337336139865778e-02,-1.858337336139865778e-02,-1.151277873707874135e-02,-1.151277873707874135e-02,-1.364908981126298354e-02,-1.364908981126298354e-02,-1.578540088544723094e-02,-1.578540088544723094e-02,-1.085111733531155497e-02,-1.298742840949580063e-02,-1.298742840949580063e-02,-1.512373948368004456e-02,-1.018945593354437552e-02,-1.232576700772862119e-02,-1.018945593354437552e-02,-1.018945593354437552e-02,-1.018945593354437552e-02,-5.863229913456602209e-03,-5.863229913456602209e-03,-5.863229913456602209e-03,-3.726918839272356111e-03,-1.537003893368828677e-03,5.993071808154170959e-04,5.993071808154170959e-04,5.993071808154170959e-04,4.871929329183908967e-03,4.871929329183908967e-03,4.871929329183908967e-03,4.871929329183908967e-03,9.806212879319580605e-03,9.806212879319580605e-03,9.806212879319580605e-03,7.669901805135333206e-03,3.343675785047560325e-03,-9.825502350402134238e-04,-9.825502350402134238e-04,-9.825502350402134238e-04,4.521444226093206988e-03,-4.128393240424637288e-04,-4.128393240424637288e-04,-1.941092868178819581e-03,-1.941092868178819581e-03,-6.875376418314490569e-03,-6.875376418314490569e-03,-4.739065344130244037e-03,-4.739065344130244037e-03,-4.131007814082346581e-03,-4.131007814082346581e-03,-4.131007814082346581e-03,-4.131007814082346581e-03,-4.131007814082346581e-03,-8.333423820897972387e-03,-4.965740433948798507e-03,-3.145688381312794680e-05,7.004106595069229746e-04,7.004106595069229746e-04,2.836721733691167664e-03,2.836721733691167664e-03,7.771005283826844939e-03,1.423354237809886305e-02,1.636985345228311045e-02,1.636985345228311045e-02,1.850616452646735785e-02,2.344044807660302862e-02,2.344044807660302862e-02,2.344044807660302862e-02,2.344044807660302862e-02,2.837473162673869939e-02,3.667669856382355098e-02,3.571815593068494721e-02,3.571815593068494721e-02,3.571815593068494721e-02,3.571815593068494721e-02,3.139192991059716609e-02,3.139192991059716609e-02,3.352824098478141696e-02,2.925561883641292216e-02,2.925561883641292216e-02,3.139192991059716609e-02,2.645764636046149185e-02,2.432133528627725139e-02,2.432133528627725139e-02,2.218502421209300399e-02,2.218502421209300399e-02,2.004871313790876006e-02,2.004871313790876006e-02,2.004871313790876006e-02,2.004871313790876006e-02,2.004871313790876006e-02,2.004871313790876006e-02,2.004871313790876006e-02,2.004871313790876006e-02,2.004871313790876006e-02,2.004871313790876006e-02,2.004871313790876006e-02,2.004871313790876006e-02,2.004871313790876006e-02,2.498299668804442736e-02,2.654959685123092772e-02,3.075201285804655266e-02,3.075201285804655266e-02,3.075201285804655266e-02,3.075201285804655266e-02,3.075201285804655266e-02,2.800764425381441214e-02,3.507823887813433378e-02,3.507823887813433378e-02,3.507823887813433378e-02,4.001252242827000455e-02,4.001252242827000455e-02,4.001252242827000455e-02,4.074438997159005732e-02,4.074438997159005732e-02,3.860807889740580645e-02,3.860807889740580645e-02,3.433545674903731859e-02,3.433545674903731859e-02,3.433545674903731859e-02,3.433545674903731859e-02,3.433545674903731859e-02,3.647176782322156252e-02,4.140605137335723329e-02,4.140605137335723329e-02,4.573227739344500747e-02,4.140605137335723329e-02,4.140605137335723329e-02,4.140605137335723329e-02,4.140605137335723329e-02,4.140605137335723329e-02,4.140605137335723329e-02,4.140605137335723329e-02,4.634033492349291794e-02,4.201410890340512294e-02,4.201410890340512294e-02,3.707982535326945911e-02,4.201410890340512294e-02,4.201410890340512294e-02,4.201410890340512294e-02,4.201410890340512294e-02,3.707982535326945911e-02,3.707982535326945911e-02,4.201410890340512294e-02,3.841975042663740153e-02,3.841975042663740153e-02,4.274597644672518959e-02,4.335403397677308618e-02,4.335403397677308618e-02,3.689149688250106113e-02,3.689149688250106113e-02,3.689149688250106113e-02,3.689149688250106113e-02,3.689149688250106113e-02,3.475518580831681026e-02,3.475518580831681026e-02,3.475518580831681026e-02,3.475518580831681026e-02,3.475518580831681026e-02,2.982090225818113949e-02,2.982090225818113949e-02,2.702292978222970918e-02,2.702292978222970918e-02,3.195721333236538342e-02,3.195721333236538342e-02,3.195721333236538342e-02,3.689149688250106113e-02,3.689149688250106113e-02,3.548705335163686303e-02,3.548705335163686303e-02,3.121443120326837170e-02,3.121443120326837170e-02,3.194629874658841406e-02,3.194629874658841406e-02,2.701201519645273982e-02,2.701201519645273982e-02,2.701201519645273982e-02,2.701201519645273982e-02,3.194629874658841406e-02,3.267816628990846684e-02,2.835194026982068918e-02,2.835194026982068918e-02,2.835194026982068918e-02,2.621562919563644178e-02,2.621562919563644178e-02,2.128134564550076754e-02,2.128134564550076754e-02,2.128134564550076754e-02,1.141277854522942253e-02,1.141277854522942253e-02,1.354908961941366993e-02,1.568540069359791386e-02,1.568540069359791386e-02,1.568540069359791386e-02,1.568540069359791386e-02,1.905308408054708774e-02,1.905308408054708774e-02,1.905308408054708774e-02,1.472685806045931356e-02,1.259054698627506616e-02,7.656263436139393655e-03,1.045423591209082050e-02,8.317924837906574831e-03,8.317924837906574831e-03,8.317924837906574831e-03,6.181613763722330034e-03,8.317924837906574831e-03,8.317924837906574831e-03,8.317924837906574831e-03,1.193726341867371640e-03,-3.132499678220405145e-03,3.973403410510718109e-04,4.669962489419562761e-03,4.669962489419562761e-03,4.669962489419562761e-03,4.669962489419562761e-03,9.604246039555236134e-03,9.604246039555236134e-03,1.297192942650441001e-02,1.297192942650441001e-02,2.497680760096000416e-02,1.510824050068865741e-02,1.790621297664008252e-02,1.643156330422302150e-02,1.856787437840726196e-02,1.856787437840726196e-02,1.856787437840726196e-02,1.856787437840726196e-02,1.856787437840726196e-02,1.856787437840726196e-02,8.699307278135918683e-03,8.699307278135918683e-03,8.699307278135918683e-03,1.735175931831147572e-02,2.228604286844714302e-02,2.228604286844714302e-02,2.228604286844714302e-02,2.228604286844714302e-02,2.301791041176719232e-02,2.301791041176719232e-02,1.441906224331092681e-02,1.441906224331092681e-02,1.441906224331092681e-02,1.222914729740739483e-02,1.436545837159163876e-02,1.436545837159163876e-02,1.436545837159163876e-02,1.436545837159163876e-02,1.436545837159163876e-02,1.436545837159163876e-02,1.436545837159163876e-02,1.436545837159163876e-02,1.929974192172731473e-02,1.929974192172731473e-02,2.143605299591155866e-02,1.929974192172731473e-02,1.929974192172731473e-02,1.929974192172731473e-02,1.929974192172731473e-02,2.209771439767874157e-02,2.209771439767874157e-02,2.209771439767874157e-02,2.209771439767874157e-02,2.282958194099879434e-02,2.282958194099879434e-02,2.776386549113446164e-02,2.776386549113446164e-02,2.282958194099879434e-02,2.715580796108656852e-02,2.929211903527081245e-02,2.435783548513513821e-02,2.435783548513513821e-02,2.222152441095089082e-02,2.222152441095089082e-02,1.789529839086311663e-02,1.789529839086311663e-02,2.008521333676664689e-02,2.008521333676664689e-02,2.008521333676664689e-02,2.008521333676664689e-02,2.222152441095089082e-02,2.222152441095089082e-02,2.222152441095089082e-02,2.222152441095089082e-02,1.728724086081522004e-02,1.728724086081522004e-02,1.728724086081522004e-02,1.235295731067954927e-02,1.667918333076732346e-02,1.667918333076732346e-02,1.667918333076732346e-02,1.667918333076732346e-02,1.667918333076732346e-02,1.667918333076732346e-02,1.174489978063165095e-02,1.174489978063165095e-02,7.418673760543875034e-03,7.418673760543875034e-03,7.418673760543875034e-03,8.985273923730375395e-03,8.985273923730375395e-03,1.112158499791461932e-02,1.605586854805029010e-02,1.605586854805029010e-02,1.325789607209886499e-02,8.323612521963190750e-03,1.264983854205096667e-02,1.264983854205096667e-02,1.264983854205096667e-02,1.264983854205096667e-02,1.264983854205096667e-02,7.715554991915293294e-03,3.389328971827518244e-03,7.715554991915293294e-03,7.715554991915293294e-03,5.579243917731048497e-03,5.579243917731048497e-03,1.051352746786672100e-02,1.124539501118677377e-02,9.109083937002528109e-03,9.109083937002528109e-03,4.174800386866853001e-03,4.174800386866853001e-03,4.174800386866853001e-03,4.174800386866853001e-03,4.174800386866853001e-03,4.174800386866853001e-03,4.174800386866853001e-03,6.311111461051098666e-03,8.447422535235343463e-03,8.447422535235343463e-03,1.338170608537101597e-02,1.124539501118677377e-02,1.124539501118677377e-02,1.461307839813594592e-02,1.954736194827162363e-02,1.954736194827162363e-02,1.522113592818384251e-02,1.595300347150389181e-02,1.028685237804816827e-02,4.620701284592445592e-03,-2.449893339727472578e-03,-2.449893339727472578e-03,-1.718025796407425011e-03,-1.718025796407425011e-03,4.182852777768208160e-04,4.182852777768208160e-04,4.182852777768208160e-04,4.182852777768208160e-04,-4.515998272358851852e-03,-4.515998272358851852e-03,-4.515998272358851852e-03,-4.515998272358851852e-03,-5.177659674126033895e-03,-5.177659674126033895e-03,-5.177659674126033895e-03,-5.177659674126033895e-03,-5.177659674126033895e-03,-1.023575323753385738e-02,-1.023575323753385738e-02,-1.456197925762163503e-02,-1.103213923835015542e-02,-1.535836525843793307e-02,-1.535836525843793307e-02,-1.535836525843793307e-02,-1.103213923835015542e-02,-1.535836525843793307e-02,-2.029264880857360731e-02,-1.749467633262218047e-02,-2.242895988275785124e-02,-2.242895988275785124e-02,-2.242895988275785124e-02,-2.242895988275785124e-02,-2.675518590284562889e-02,-2.182090235270996159e-02,-2.675518590284562889e-02,-2.889149697702987629e-02,-2.815962943370982352e-02,-2.602331835952557959e-02,-3.095760190966125383e-02,-3.095760190966125383e-02,-3.095760190966125383e-02,-3.095760190966125383e-02,-2.602331835952557959e-02,-2.602331835952557959e-02,-2.602331835952557959e-02,-2.602331835952557959e-02,-3.095760190966125383e-02,-3.095760190966125383e-02,-3.034954437961336071e-02,-3.034954437961336071e-02,-3.467577039970113489e-02,-3.961005394983681260e-02,-3.904034303883906903e-02,-3.904034303883906903e-02,-3.904034303883906903e-02,-3.904034303883906903e-02,-3.904034303883906903e-02,-3.904034303883906903e-02,-3.904034303883906903e-02,-3.904034303883906903e-02,-4.397462658897474674e-02,-4.397462658897474674e-02,-4.397462658897473287e-02,-4.397462658897473287e-02,-4.397462658897473287e-02,-4.890891013911041058e-02,-3.847063212784131853e-02,-3.847063212784131853e-02,-3.847063212784131853e-02,-3.847063212784131853e-02,-3.847063212784131853e-02,-3.847063212784131853e-02,-3.847063212784131853e-02,-3.353634857770564776e-02,-3.353634857770564776e-02,-2.860206502756997005e-02,-2.860206502756997005e-02,-2.646575395338572612e-02,-2.153147040325005188e-02,-2.153147040325005188e-02,-2.153147040325005188e-02,-2.153147040325005188e-02,-2.366778147743429928e-02,-2.860206502756997005e-02,-2.860206502756997005e-02,-2.860206502756997005e-02,-2.860206502756997005e-02,-3.073837610175421398e-02,-3.353634857770564776e-02,-2.847825501429782080e-02,-2.847825501429782080e-02,-2.634194394011357340e-02,-2.634194394011357340e-02,-2.634194394011357340e-02,-2.634194394011357340e-02,-2.140766038997789916e-02,-1.708143436989012151e-02,-1.708143436989012151e-02,-1.494512329570587758e-02,-1.001083974557020334e-02,-1.494512329570587758e-02,-4.506845284436783797e-03,-3.774977741116735796e-03,-3.774977741116735796e-03,-3.774977741116735796e-03,-3.774977741116735796e-03,-5.911288815300981027e-03,-5.911288815300981027e-03,-5.911288815300981027e-03,-5.911288815300981027e-03,-1.023751483538875608e-02,-1.084557236543665613e-02,-5.911288815300981027e-03,-5.911288815300981027e-03,-3.113316339349552885e-03,-3.113316339349552885e-03,-9.770052651653072205e-04,1.159305809018938227e-03,6.093589359154610516e-03,1.767363339066833948e-03,1.767363339066833948e-03,6.093589359154610516e-03,1.041981537924238817e-02,1.041981537924238817e-02,1.688235247351441148e-02,1.688235247351441148e-02,1.688235247351441148e-02,7.621842903290960460e-03,7.621842903290960460e-03,3.295616883203184109e-03,3.295616883203184109e-03,6.663300270152354952e-03,8.799611344336601484e-03,1.093592241852084541e-02,1.587020596865651792e-02,1.587020596865651792e-02,1.587020596865651792e-02,1.587020596865651792e-02,1.587020596865651792e-02,1.587020596865651792e-02,1.587020596865651792e-02,1.373389489447227399e-02,1.373389489447227399e-02,1.373389489447227399e-02,1.446576243779231982e-02,1.446576243779231982e-02,9.531478887656649052e-03,9.531478887656649052e-03,9.531478887656649052e-03,1.446576243779231982e-02,1.446576243779231982e-02,1.446576243779231982e-02,1.232945136360807416e-02,7.395167813472401652e-03,3.245731891524827233e-04,3.245731891524827233e-04,3.245731891524827233e-04,3.245731891524827233e-04,5.258856739288156855e-03,9.326307192003800706e-04,-8.935936381070968410e-03,-6.799625306886721877e-03,-4.663314232702475345e-03,-6.799625306886721877e-03,-6.799625306886721877e-03,-6.799625306886721877e-03,-1.173390885702239178e-02,-1.387021993120663918e-02,-1.387021993120663918e-02,-1.387021993120663918e-02,-1.387021993120663918e-02,-1.387021993120663918e-02,-1.387021993120663918e-02,-1.460208747452668675e-02,-1.673839854871093241e-02,-1.673839854871093241e-02,-1.180411499857526164e-02,-1.180411499857526164e-02,-6.869831448439587401e-03,-6.869831448439587401e-03,-9.006142522623833066e-03,-1.327876467099232440e-02,-1.267070714094442781e-02,-8.344481120856651890e-03,-8.344481120856651890e-03,-3.410197570720978084e-03,-3.410197570720978084e-03,-7.736423590808754434e-03,-1.206264961089652948e-02,-1.206264961089652948e-02,-1.206264961089652948e-02,-1.206264961089652948e-02,-8.468291134128801134e-03,-8.468291134128801134e-03,-1.065820608003233833e-02,-1.065820608003233833e-02,-1.065820608003233833e-02,-1.139007362335238069e-02,-1.139007362335238069e-02,-1.065820608003233833e-02,-8.694966223947357339e-03,-8.694966223947357339e-03,-8.694966223947357339e-03,-8.694966223947357339e-03,-4.368740203859580555e-03,-4.251418377180419763e-05,-2.840486659723231045e-03,-2.840486659723231045e-03,2.093796890412441460e-03,2.093796890412441460e-03,-2.840486659723231045e-03,-7.774770209858904851e-03,-7.774770209858904851e-03,-1.703527978008235674e-02,-1.057274268581033169e-02,-6.246516665722556642e-03,-6.978384209042604210e-03,-6.978384209042604210e-03,-1.191266775917827411e-02,-1.191266775917827411e-02,-1.191266775917827411e-02,-2.652158188954830895e-03,-2.652158188954830895e-03,-5.158471147705851216e-04,4.418436435365089010e-03,4.418436435365089010e-03,9.922430896498506819e-03,9.922430896498506819e-03,1.424865691658628621e-02,1.857488293667405865e-02,2.071119401085830605e-02,1.852127906495477927e-02,1.852127906495477927e-02,2.284750508504255345e-02,2.284750508504255345e-02,2.284750508504255345e-02,2.284750508504255345e-02,2.284750508504255345e-02,1.857488293667405865e-02,1.857488293667405865e-02,1.784301539335400935e-02,1.997932646753825675e-02,2.071119401085830605e-02,1.424865691658628621e-02,1.498052445990633551e-02,1.065429843981855959e-02,1.065429843981855959e-02,1.279060951400280352e-02,2.121638646435980088e-02,2.121638646435980088e-02,2.615067001449547859e-02,2.401435894031123119e-02,2.401435894031123119e-02,2.401435894031123119e-02,2.474622648363128050e-02,1.981194293349560626e-02,2.200185787939913651e-02,2.693614142953481075e-02,2.406796281203051405e-02,2.406796281203051405e-02,2.467602034207841410e-02,2.467602034207841410e-02,2.900224636216618482e-02,2.900224636216618482e-02,2.900224636216618482e-02,2.900224636216618482e-02,2.406796281203051405e-02,2.406796281203051405e-02,2.406796281203051405e-02,2.406796281203051405e-02,2.406796281203051405e-02,2.406796281203051405e-02,2.333609526871046821e-02,2.333609526871046821e-02,2.333609526871046821e-02,2.053812279275903790e-02,2.053812279275903790e-02,1.560383924262336713e-02,1.560383924262336713e-02,1.560383924262336713e-02,1.560383924262336713e-02,6.343329672399922181e-03,-7.272649519200001089e-04,-6.393416045375721266e-03,-6.393416045375721266e-03,-1.132769959551139204e-02,-9.191388521327148106e-03,-4.257104971191475601e-03,-4.257104971191475601e-03,-8.583330991279254987e-03,-8.583330991279254987e-03,-1.071964206546350239e-02,-1.071964206546350239e-02,-1.071964206546350239e-02,-1.722052577878567525e-02,-1.508421470460142785e-02,-2.001849825473709862e-02,-2.215480932892134602e-02,-2.215480932892134602e-02,-2.648103534900912021e-02,-2.648103534900912021e-02,-2.648103534900912021e-02,-2.648103534900912021e-02,-2.648103534900912021e-02,-2.434472427482487281e-02,-2.434472427482487281e-02,-2.434472427482487281e-02,-2.001849825473709862e-02,-2.001849825473709862e-02,-2.001849825473709862e-02,-1.928663071141704932e-02,-1.928663071141704932e-02
9.136823944388407183e-04,1.645549937758894682e-03,2.377417481078948971e-03,2.377417481078948971e-03,2.377417481078948971e-03,2.377417481078948971e-03,3.109285024399003478e-03,3.109285024399003478e-03,3.841152567719057116e-03,3.841152567719057116e-03,3.841152567719057116e-03,3.841152567719057116e-03,3.841152567719057116e-03,3.841152567719057116e-03,1.704841493534823811e-03,1.704841493534823811e-03,-4.314695806493966997e-04,-4.314695806493966997e-04,-4.314695806493966997e-04,-4.314695806493966997e-04,-4.314695806493966997e-04,7.999027321155435495e-04,7.999027321155435495e-04,7.999027321155435495e-04,7.999027321155435495e-04,7.999027321155435495e-04,7.999027321155435495e-04,7.999027321155435495e-04,9.101869669200395030e-03,9.101869669200395030e-03,9.101869669200395030e-03,9.833737212520449536e-03,9.833737212520449536e-03,5.507511192432662343e-03,8.875194579381837090e-03,8.875194579381837090e-03,8.875194579381837090e-03,1.224287796633100923e-02,1.010656689214677571e-02,5.833944743778321680e-03,5.833944743778321680e-03,5.833944743778321680e-03,3.697633669594102036e-03,7.065317056543268977e-03,7.065317056543268977e-03,1.043300044349244372e-02,1.536728399362812664e-02,1.536728399362812664e-02,1.536728399362812664e-02,1.177292551686041910e-02,1.177292551686041910e-02,1.177292551686041910e-02,1.587247644712964922e-02,1.587247644712964922e-02,1.587247644712964922e-02,1.587247644712964922e-02,1.227811797036194169e-02,1.014180689617771337e-02,8.005495821993488526e-03,8.005495821993488526e-03,8.005495821993488526e-03,8.005495821993488526e-03,8.005495821993488526e-03,1.137317920894265373e-02,1.283691429558276621e-02,1.356878183890282072e-02,1.356878183890282072e-02,1.356878183890282072e-02,1.430064938222287349e-02,1.503251692554292973e-02,1.840020031249210361e-02,1.840020031249210361e-02,1.407397429240434331e-02,1.744165767935351719e-02,2.647549215975843889e-02,2.647549215975843889e-02,2.574362461643838612e-02,2.647549215975843889e-02,2.647549215975843889e-02,3.140977570989413742e-02,3.140977570989413742e-02,3.140977570989413742e-02,3.140977570989413742e-02,2.708354968980637711e-02,2.494723861562215053e-02,2.135288013885441871e-02,1.921656906467018866e-02,1.921656906467018866e-02,2.258425245161935907e-02,2.258425245161935907e-02,2.331611999493941184e-02,2.331611999493941184e-02,1.898989397485165154e-02,1.898989397485165154e-02,1.758545044398747426e-02,2.095313383093664814e-02,1.954869030007247779e-02,1.954869030007247779e-02,1.954869030007247779e-02,1.881682275675242155e-02,2.218450614370159543e-02,2.291637368702164820e-02,2.291637368702164820e-02,2.291637368702164820e-02,2.291637368702164820e-02,2.364824123034170097e-02,2.364824123034170097e-02,2.364824123034170097e-02,2.561148108642669757e-02,2.561148108642669757e-02,2.561148108642669757e-02,2.774779216061092763e-02,3.111547554756009804e-02,3.111547554756009804e-02,2.897916447337587492e-02,3.234684786032504533e-02,2.947866924282076251e-02,2.947866924282076251e-02,2.947866924282076251e-02,3.021053678614081875e-02,3.094240432946087152e-02,3.094240432946087152e-02,3.094240432946087152e-02,2.880609325527664494e-02,2.953796079859670118e-02,2.953796079859670118e-02,2.953796079859670118e-02,2.953796079859670118e-02,3.026982834191676089e-02,3.363751172886593477e-02,3.363751172886593477e-02,3.363751172886593477e-02,2.594360232182899711e-02,2.161737630174122293e-02,2.161737630174122293e-02,2.161737630174122293e-02,2.234924384506127570e-02,2.234924384506127570e-02,2.234924384506127570e-02,2.431248370114626883e-02,2.358061615782621606e-02,2.851489970796190071e-02,2.851489970796190071e-02,2.851489970796190071e-02,2.778303216464184447e-02,2.851489970796190071e-02,2.851489970796190071e-02,2.851489970796190071e-02,2.924676725128195001e-02,2.997863479460200625e-02,2.997863479460200625e-02,2.997863479460200625e-02,2.997863479460200625e-02,2.997863479460200625e-02,2.778871984869847600e-02,2.852058739201852877e-02,3.065689846620275882e-02,3.065689846620275882e-02,3.065689846620275882e-02,3.138876600952281160e-02,2.802108262257364465e-02,3.212063355284286437e-02,3.212063355284286437e-02,3.212063355284286437e-02,3.285250109616291714e-02,3.498881217034714719e-02,3.835649555729631760e-02,3.835649555729631760e-02,3.622018448311209449e-02,3.622018448311209449e-02,3.695205202643215420e-02,3.695205202643215420e-02,3.695205202643215420e-02,3.481574095224792414e-02,3.481574095224792414e-02,3.481574095224792414e-02,3.481574095224792414e-02,3.818342433919710149e-02,3.385719831910932731e-02,3.722488170605849078e-02,3.722488170605849078e-02,3.722488170605849078e-02,3.722488170605849078e-02,3.722488170605849078e-02,3.508857063187426073e-02,3.508857063187426073e-02,3.295225955769003762e-02,3.418363187045498491e-02,3.204732079627075486e-02,3.345176432713492520e-02,3.345176432713492520e-02,3.345176432713492520e-02,3.345176432713492520e-02,3.345176432713492520e-02,3.418363187045498491e-02,3.418363187045498491e-02,3.345176432713492520e-02,3.345176432713492520e-02,3.345176432713492520e-02,3.345176432713492520e-02,3.271989678381487243e-02,3.271989678381487243e-02,3.608758017076404978e-02,3.608758017076404978e-02,3.608758017076404978e-02,3.608758017076404978e-02,3.608758017076404978e-02,3.395126909657981973e-02,3.395126909657981973e-02,3.395126909657981973e-02,3.395126909657981973e-02,3.395126909657981973e-02,3.395126909657981973e-02,3.395126909657981973e-02,3.321940155325976002e-02,3.321940155325976002e-02,3.468313663989987250e-02,3.805082002684904985e-02,3.805082002684904985e-02,3.805082002684904985e-02,4.018713110103327296e-02,4.664966819530527720e-02,4.664966819530527720e-02,4.664966819530527720e-02,5.097589421539303056e-02,5.450573423466455181e-02,5.236942316048032869e-02,5.163755561716026898e-02,5.163755561716026898e-02,5.090568807384022315e-02,5.523191409392800427e-02,5.523191409392800427e-02,5.523191409392800427e-02,5.309560301974376728e-02,5.309560301974376728e-02,5.309560301974376728e-02,5.309560301974376728e-02,5.309560301974376728e-02,5.309560301974376728e-02,5.309560301974376728e-02,5.719515395001298352e-02,6.056283733696215393e-02,6.056283733696215393e-02,6.056283733696215393e-02,6.056283733696215393e-02,6.056283733696215393e-02,6.269914841114637705e-02,5.500523900410945327e-02,5.500523900410942552e-02,5.573710654742947829e-02,6.067139009756519069e-02,5.853507902338095370e-02,5.926694656670102035e-02,5.926694656670102035e-02,5.999881411002106618e-02,5.999881411002106618e-02,6.409836504029027549e-02,6.409836504029027549e-02,6.550280857115445277e-02,6.117658255106669940e-02,5.780889916411753593e-02,5.780889916411753593e-02,5.780889916411753593e-02,5.707703162079748316e-02,5.780889916411753593e-02,5.780889916411753593e-02,5.780889916411753593e-02,5.444121577716835858e-02,5.444121577716835858e-02,5.230490470298414241e-02,5.230490470298414241e-02,5.230490470298414241e-02,5.230490470298414241e-02,5.230490470298414241e-02,5.230490470298414241e-02,5.230490470298414241e-02,5.230490470298414241e-02,4.724681113957630157e-02,5.398217791347463546e-02,5.398217791347463546e-02,5.398217791347463546e-02,5.398217791347463546e-02,5.398217791347463546e-02,5.257773438261047205e-02,5.257773438261047205e-02,5.471404545679470210e-02,5.471404545679470210e-02,5.398217791347463546e-02,5.398217791347463546e-02,5.398217791347463546e-02,5.398217791347463546e-02,5.111399929597035957e-02,4.824582067846607675e-02,5.234537160873530687e-02,5.020906053455107682e-02,5.020906053455107682e-02,5.020906053455107682e-02,4.947719299123102404e-02,4.610950960428184670e-02,4.274182621733269016e-02,4.610950960428184670e-02,5.020906053455107682e-02,5.020906053455107682e-02,5.234537160873530687e-02,4.897768822178613646e-02,4.897768822178613646e-02,4.684137714760191334e-02,4.684137714760191334e-02,4.684137714760191334e-02,5.020906053455107682e-02,4.684137714760191334e-02,4.684137714760191334e-02,4.684137714760191334e-02,4.684137714760191334e-02,4.251515112751414610e-02,4.251515112751414610e-02,4.178328358419409333e-02,3.964697251000985634e-02,3.964697251000985634e-02,3.532074648992209603e-02,3.532074648992209603e-02,3.532074648992209603e-02,3.099452046983432532e-02,3.099452046983432532e-02,3.099452046983432532e-02,3.099452046983432532e-02,3.099452046983432532e-02,3.099452046983432532e-02,3.099452046983432532e-02,3.436220385678349920e-02,3.076784538001579861e-02,3.076784538001579861e-02,3.003597783669573890e-02,3.003597783669573890e-02,3.497026138683143742e-02,3.710657246101565360e-02,3.710657246101565360e-02,3.637470491769560776e-02,3.637470491769560776e-02,3.637470491769560776e-02,3.637470491769560776e-02,3.227515398742639152e-02,3.227515398742639152e-02,3.441146506161061464e-02,3.441146506161061464e-02,3.008523904152284045e-02,2.941266305397871941e-02,2.941266305397871941e-02,2.941266305397871941e-02,2.941266305397871941e-02,2.941266305397871941e-02,2.654448443647443659e-02,2.654448443647443659e-02,2.727635197979448589e-02,2.727635197979448589e-02,2.800821952311454560e-02,2.800821952311454560e-02,2.587190844893032249e-02,2.660377599225037526e-02,2.660377599225037526e-02,2.733564353557043150e-02,2.519933246138620145e-02,2.593120000470625769e-02,2.519933246138620145e-02,2.519933246138620145e-02,2.519933246138620145e-02,2.183164907443703104e-02,2.183164907443703104e-02,2.183164907443703104e-02,2.109978153111697480e-02,1.846396568748785716e-02,1.773209814416780092e-02,1.773209814416780092e-02,1.773209814416780092e-02,1.626836305752769191e-02,1.626836305752769191e-02,1.626836305752769191e-02,1.626836305752769191e-02,1.413205198334346359e-02,1.413205198334346359e-02,1.413205198334346359e-02,1.486391952666351983e-02,1.823160291361269197e-02,2.159928630056186585e-02,2.159928630056186585e-02,2.159928630056186585e-02,2.580170230737749773e-02,2.793801338156173125e-02,2.793801338156173125e-02,2.990125323764672785e-02,2.990125323764672785e-02,3.203756431183094749e-02,3.203756431183094749e-02,3.130569676851088778e-02,3.130569676851088778e-02,3.253706908127584202e-02,3.253706908127584202e-02,3.253706908127584202e-02,3.253706908127584202e-02,3.253706908127584202e-02,3.034715413537230483e-02,3.528143768550799642e-02,3.314512661132376636e-02,2.881890059123599218e-02,2.881890059123599218e-02,2.808703304791594288e-02,2.808703304791594288e-02,2.595072197373171977e-02,2.185117104346248965e-02,2.111930350014243341e-02,2.111930350014243341e-02,2.038743595682238063e-02,1.825112488263815058e-02,1.825112488263815058e-02,1.825112488263815058e-02,1.825112488263815058e-02,1.611481380845392400e-02,1.891278628440538553e-02,2.721475322149025100e-02,2.721475322149025100e-02,2.721475322149025100e-02,2.721475322149025100e-02,3.058243660843942141e-02,3.058243660843942141e-02,2.985056906511936170e-02,3.131430415175948112e-02,3.131430415175948112e-02,3.058243660843942141e-02,3.271874768262364452e-02,3.345061522594370423e-02,3.345061522594370423e-02,3.418248276926375701e-02,3.418248276926375701e-02,3.491435031258381672e-02,3.491435031258381672e-02,3.491435031258381672e-02,3.491435031258381672e-02,3.491435031258381672e-02,3.491435031258381672e-02,3.491435031258381672e-02,3.491435031258381672e-02,3.491435031258381672e-02,3.491435031258381672e-02,3.491435031258381672e-02,3.491435031258381672e-02,3.491435031258381672e-02,3.277803923839958666e-02,2.570744461407967196e-02,2.789735955998321609e-02,2.789735955998321609e-02,2.789735955998321609e-02,2.789735955998321609e-02,2.789735955998321609e-02,2.739785479053832157e-02,2.452967617303404568e-02,2.452967617303404568e-02,2.452967617303404568e-02,2.239336509884981563e-02,2.239336509884981563e-02,2.239336509884981563e-02,1.806713907876204492e-02,1.806713907876204492e-02,1.879900662208209422e-02,1.879900662208209422e-02,2.026274170872220670e-02,2.026274170872220670e-02,2.026274170872220670e-02,2.026274170872220670e-02,2.026274170872220670e-02,1.953087416540215393e-02,1.739456309121792388e-02,1.739456309121792388e-02,1.402687970426874826e-02,1.739456309121792388e-02,1.739456309121792388e-02,1.739456309121792388e-02,1.739456309121792388e-02,1.739456309121792388e-02,1.739456309121792388e-02,1.739456309121792388e-02,1.525825201703369730e-02,1.862593540398287117e-02,1.862593540398287117e-02,2.076224647816709776e-02,1.862593540398287117e-02,1.862593540398287117e-02,1.862593540398287117e-02,1.862593540398287117e-02,2.076224647816709776e-02,2.076224647816709776e-02,1.862593540398287117e-02,1.766739277084428475e-02,1.766739277084428475e-02,1.429970938389510914e-02,1.553108169666005817e-02,1.553108169666005817e-02,1.963063262692927788e-02,1.963063262692927788e-02,1.963063262692927788e-02,1.963063262692927788e-02,1.963063262692927788e-02,2.036250017024933412e-02,2.036250017024933412e-02,2.036250017024933412e-02,2.036250017024933412e-02,2.036250017024933412e-02,2.249881124443355723e-02,2.249881124443355723e-02,2.390325477529773451e-02,2.390325477529773451e-02,2.176694370111350793e-02,2.176694370111350793e-02,2.176694370111350793e-02,1.963063262692927788e-02,1.963063262692927788e-02,1.603627415016157381e-02,1.603627415016157381e-02,1.750000923680168283e-02,1.750000923680168283e-02,1.317378321671390518e-02,1.317378321671390518e-02,1.531009429089813523e-02,1.531009429089813523e-02,1.531009429089813523e-02,1.531009429089813523e-02,1.317378321671390518e-02,8.847557196626139667e-03,1.221524058357531355e-02,1.221524058357531355e-02,1.221524058357531355e-02,1.294710812689536805e-02,1.294710812689536805e-02,1.508341920107959463e-02,1.508341920107959463e-02,1.508341920107959463e-02,1.935604134944805127e-02,1.935604134944805127e-02,1.862417380612799850e-02,1.789230626280794226e-02,1.789230626280794226e-02,1.789230626280794226e-02,1.789230626280794226e-02,2.282658981294363038e-02,2.282658981294363038e-02,2.282658981294363038e-02,2.619427319989280772e-02,2.692614074321285703e-02,2.906245181739708708e-02,2.765800828653291327e-02,2.838987582985296951e-02,2.838987582985296951e-02,2.838987582985296951e-02,2.912174337317302922e-02,2.838987582985296951e-02,2.838987582985296951e-02,2.838987582985296951e-02,3.316200274766631373e-02,3.652968613461548414e-02,3.079901658366354308e-02,2.933528149702343407e-02,2.933528149702343407e-02,2.933528149702343407e-02,2.933528149702343407e-02,2.719897042283920749e-02,2.719897042283920749e-02,3.213325397297489561e-02,3.213325397297489561e-02,2.712876428128638967e-02,3.140138642965483590e-02,2.999694289879066902e-02,3.005623445456660769e-02,2.932436691124655492e-02,2.932436691124655492e-02,2.932436691124655492e-02,2.932436691124655492e-02,2.932436691124655492e-02,2.932436691124655492e-02,3.359698905961500809e-02,3.359698905961500809e-02,3.359698905961500809e-02,2.686162228571666380e-02,2.472531121153244069e-02,2.472531121153244069e-02,2.472531121153244069e-02,2.472531121153244069e-02,2.039908519144468038e-02,2.039908519144468038e-02,2.523050366503395286e-02,2.523050366503395286e-02,2.523050366503395286e-02,2.786631950866307397e-02,2.713445196534301773e-02,2.713445196534301773e-02,2.713445196534301773e-02,2.713445196534301773e-02,2.713445196534301773e-02,2.713445196534301773e-02,2.713445196534301773e-02,2.713445196534301773e-02,2.499814089115879462e-02,2.499814089115879462e-02,2.426627334783873838e-02,2.499814089115879462e-02,2.499814089115879462e-02,2.499814089115879462e-02,2.499814089115879462e-02,2.359369736029461734e-02,2.359369736029461734e-02,2.359369736029461734e-02,2.359369736029461734e-02,1.926747134020685356e-02,1.926747134020685356e-02,1.713116026602262351e-02,1.713116026602262351e-02,1.926747134020685356e-02,1.589978795325767968e-02,1.516792040993762344e-02,1.730423148412185003e-02,1.730423148412185003e-02,1.803609902744190627e-02,1.803609902744190627e-02,2.140378241439108015e-02,2.140378241439108015e-02,1.876796657076195904e-02,1.876796657076195904e-02,1.876796657076195904e-02,1.876796657076195904e-02,1.803609902744190627e-02,1.803609902744190627e-02,1.803609902744190627e-02,1.803609902744190627e-02,2.017241010162613285e-02,2.017241010162613285e-02,2.017241010162613285e-02,2.230872117581035596e-02,1.894103778886119249e-02,1.894103778886119249e-02,1.894103778886119249e-02,1.894103778886119249e-02,1.894103778886119249e-02,1.894103778886119249e-02,2.107734886304541908e-02,2.107734886304541908e-02,2.444503224999458602e-02,2.444503224999458602e-02,2.444503224999458602e-02,1.737443762567466785e-02,1.737443762567466785e-02,1.664257008235461507e-02,1.450625900817038849e-02,1.450625900817038849e-02,1.591070253903455883e-02,1.804701361321878889e-02,1.467933022626962021e-02,1.467933022626962021e-02,1.467933022626962021e-02,1.467933022626962021e-02,1.467933022626962021e-02,1.681564130045384853e-02,2.018332468740301200e-02,1.681564130045384853e-02,1.681564130045384853e-02,1.754750884377390130e-02,1.754750884377390130e-02,1.541119776958967472e-02,1.108497174950190921e-02,1.181683929282196198e-02,1.181683929282196198e-02,1.395315036700618856e-02,1.395315036700618856e-02,1.395315036700618856e-02,1.395315036700618856e-02,1.395315036700618856e-02,1.395315036700618856e-02,1.395315036700618856e-02,1.322128282368613406e-02,1.248941528036608128e-02,1.248941528036608128e-02,1.035310420618185297e-02,1.108497174950190921e-02,1.108497174950190921e-02,1.601925529963759906e-02,1.388294422545337074e-02,1.388294422545337074e-02,1.725062761240253942e-02,1.292440159231477217e-02,1.938693868658676600e-02,2.584947578085875636e-02,2.871765439836304265e-02,2.871765439836304265e-02,2.439142837827527194e-02,2.439142837827527194e-02,2.365956083495521917e-02,2.365956083495521917e-02,2.365956083495521917e-02,2.365956083495521917e-02,2.579587190913944575e-02,2.579587190913944575e-02,2.579587190913944575e-02,2.579587190913944575e-02,2.646844789668356679e-02,2.646844789668356679e-02,2.646844789668356679e-02,2.646844789668356679e-02,2.646844789668356679e-02,3.416235730372050444e-02,3.416235730372050444e-02,3.753004069066968179e-02,3.179937113971774421e-02,3.516705452666691462e-02,3.516705452666691462e-02,3.516705452666691462e-02,3.179937113971774421e-02,3.516705452666691462e-02,3.730336560085113773e-02,3.589892206998696045e-02,3.803523314417119050e-02,3.803523314417119050e-02,3.803523314417119050e-02,3.803523314417119050e-02,4.140291653112036091e-02,3.926660545693613780e-02,4.140291653112036091e-02,4.213478407444042062e-02,3.780855805435265338e-02,3.707669051103259367e-02,3.921300158521681678e-02,3.921300158521681678e-02,3.921300158521681678e-02,3.921300158521681678e-02,3.707669051103259367e-02,3.707669051103259367e-02,3.707669051103259367e-02,3.707669051103259367e-02,3.921300158521681678e-02,3.921300158521681678e-02,4.044437389798177102e-02,4.044437389798177102e-02,4.381205728493094143e-02,4.594836835911515760e-02,5.228709544011502647e-02,5.228709544011502647e-02,5.228709544011502647e-02,5.228709544011502647e-02,5.228709544011502647e-02,5.228709544011502647e-02,5.228709544011502647e-02,5.228709544011502647e-02,5.442340651429926346e-02,5.442340651429926346e-02,5.442340651429926346e-02,5.442340651429926346e-02,5.442340651429926346e-02,5.655971758848348657e-02,5.862582252111488840e-02,5.862582252111488840e-02,5.862582252111488840e-02,5.862582252111488840e-02,5.862582252111488840e-02,5.862582252111488840e-02,5.862582252111488840e-02,5.648951144693066528e-02,5.648951144693066528e-02,5.435320037274643523e-02,5.435320037274643523e-02,5.362133282942637552e-02,5.148502175524215241e-02,5.148502175524215241e-02,5.148502175524215241e-02,5.148502175524215241e-02,5.221688929856220518e-02,5.435320037274643523e-02,5.435320037274643523e-02,5.435320037274643523e-02,5.435320037274643523e-02,5.508506791606649494e-02,5.648951144693066528e-02,4.879560203989373457e-02,4.879560203989373457e-02,4.806373449657368180e-02,4.806373449657368180e-02,4.806373449657368180e-02,4.806373449657368180e-02,4.592742342238944481e-02,4.255974003544026746e-02,4.255974003544026746e-02,4.182787249212022163e-02,3.969156141793599157e-02,4.182787249212022163e-02,4.389397742475162345e-02,3.956775140466385621e-02,3.956775140466385621e-02,3.956775140466385621e-02,3.956775140466385621e-02,4.029961894798390898e-02,4.029961894798390898e-02,4.029961894798390898e-02,4.029961894798390898e-02,4.366730233493308633e-02,4.243593002216813903e-02,4.029961894798390898e-02,4.029961894798390898e-02,3.889517541711973864e-02,3.889517541711973864e-02,3.816330787379968587e-02,3.743144033047963309e-02,3.529512925629540304e-02,3.866281264324458039e-02,3.866281264324458039e-02,3.529512925629540304e-02,3.192744586934623263e-02,3.192744586934623263e-02,2.782789493907701292e-02,2.782789493907701292e-02,2.782789493907701292e-02,3.333188940021040297e-02,3.333188940021040297e-02,3.669957278715958032e-02,3.669957278715958032e-02,4.163385633729526497e-02,4.090198879397521220e-02,4.017012125065516637e-02,3.803381017647093632e-02,3.803381017647093632e-02,3.803381017647093632e-02,3.803381017647093632e-02,3.803381017647093632e-02,3.803381017647093632e-02,3.803381017647093632e-02,3.876567771979098215e-02,3.876567771979098215e-02,3.876567771979098215e-02,3.443945169970322184e-02,3.443945169970322184e-02,3.657576277388745190e-02,3.657576277388745190e-02,3.657576277388745190e-02,3.443945169970322184e-02,3.443945169970322184e-02,3.443945169970322184e-02,3.517131924302328155e-02,3.730763031720751161e-02,4.017580893471178749e-02,4.017580893471178749e-02,4.017580893471178749e-02,4.017580893471178749e-02,3.803949786052755744e-02,4.140718124747672091e-02,4.567980339584518101e-02,4.494793585252512824e-02,4.421606830920507547e-02,4.494793585252512824e-02,4.494793585252512824e-02,4.494793585252512824e-02,4.708424692670936523e-02,4.781611447002941107e-02,4.781611447002941107e-02,4.781611447002941107e-02,4.781611447002941107e-02,4.781611447002941107e-02,4.781611447002941107e-02,5.214234049011717831e-02,5.287420803343723108e-02,5.287420803343723108e-02,5.073789695925300103e-02,5.073789695925300103e-02,4.860158588506877791e-02,4.860158588506877791e-02,4.933345342838882375e-02,5.079718851502894317e-02,5.202856082779388353e-02,4.866087744084471312e-02,4.866087744084471312e-02,4.652456636666049000e-02,4.652456636666049000e-02,4.989224975360965347e-02,5.325993314055883082e-02,5.325993314055883082e-02,5.325993314055883082e-02,5.325993314055883082e-02,5.421847577369742766e-02,5.421847577369742766e-02,5.685429161732653836e-02,5.685429161732653836e-02,5.685429161732653836e-02,6.118051763741431254e-02,6.118051763741431254e-02,5.685429161732653836e-02,5.819421669069452241e-02,5.819421669069452241e-02,5.819421669069452241e-02,5.819421669069452241e-02,5.482653330374534506e-02,5.145884991679618159e-02,5.286329344766034499e-02,5.286329344766034499e-02,5.072698237347612882e-02,5.072698237347612882e-02,5.286329344766034499e-02,5.499960452184457504e-02,5.499960452184457504e-02,6.050359898297798245e-02,5.640404805270875233e-02,5.303636466575957498e-02,5.736259068584734222e-02,5.736259068584734222e-02,5.949890176003156533e-02,5.949890176003156533e-02,5.949890176003156533e-02,5.399490729889816487e-02,5.399490729889816487e-02,5.326303975557811904e-02,5.112672868139388899e-02,5.112672868139388899e-02,5.532914468820951392e-02,5.532914468820951392e-02,5.196146130126035045e-02,4.859377791431118004e-02,4.786191037099112727e-02,5.049772621462025185e-02,5.049772621462025185e-02,4.713004282767107450e-02,4.713004282767107450e-02,4.713004282767107450e-02,4.713004282767107450e-02,4.713004282767107450e-02,4.859377791431118004e-02,4.859377791431118004e-02,5.292000393439894729e-02,5.218813639107889452e-02,4.786191037099112727e-02,5.196146130126035045e-02,4.763523528117258321e-02,5.100291866812175362e-02,5.100291866812175362e-02,5.027105112480170779e-02,4.751142526790046172e-02,4.751142526790046172e-02,4.537511419371623167e-02,4.610698173703628444e-02,4.610698173703628444e-02,4.610698173703628444e-02,4.178075571694851026e-02,4.391706679113274031e-02,4.128125094750362961e-02,3.914493987331939956e-02,4.420303343672721957e-02,4.420303343672721957e-02,4.543440574949216687e-02,4.543440574949216687e-02,4.206672236254299646e-02,4.206672236254299646e-02,4.206672236254299646e-02,4.206672236254299646e-02,4.420303343672721957e-02,4.420303343672721957e-02,4.420303343672721957e-02,4.420303343672721957e-02,4.420303343672721957e-02,4.420303343672721957e-02,4.852925945681498682e-02,4.852925945681498682e-02,4.852925945681498682e-02,4.993370298767915716e-02,4.993370298767915716e-02,5.207001406186338721e-02,5.207001406186338721e-02,5.207001406186338721e-02,5.207001406186338721e-02,5.757400852299678767e-02,6.044218714050107050e-02,6.690472423477306085e-02,6.690472423477306085e-02,6.904103530895727703e-02,6.830916776563722426e-02,6.617285669145300808e-02,6.617285669145300808e-02,6.954054007840217155e-02,6.954054007840217155e-02,7.027240762172222432e-02,7.027240762172222432e-02,7.027240762172222432e-02,7.947931332022636908e-02,7.874744577690631631e-02,8.088375685109054636e-02,8.161562439441061301e-02,8.161562439441061301e-02,8.498330778135977648e-02,8.498330778135977648e-02,8.498330778135977648e-02,8.498330778135977648e-02,8.498330778135977648e-02,8.425144023803970983e-02,8.425144023803970983e-02,8.425144023803970983e-02,8.088375685109054636e-02,8.088375685109054636e-02,8.088375685109054636e-02,7.655753083100277911e-02,7.655753083100277911e-02
